Time [s] - Voltage_0 (Filtered)	Amplitude [V] - Voltage_0 (Filtered)	
0	0.000313969	
0.0001	0.000310968	
0.0002	0.000307933	
0.0003	0.000304874	
0.0004	0.000301802	
0.0005	0.000298728	
0.0006	0.000295662	
0.0007	0.000292613	
0.0008	0.000289593	
0.0009	0.00028661	
0.001	0.000283674	
0.0011	0.000280794	
0.0012	0.000277978	
0.0013	0.000275235	
0.0014	0.000272573	
0.0015	0.000269998	
0.0016	0.000267518	
0.0017	0.00026514	
0.0018	0.000262869	
0.0019	0.00026071	
0.002	0.000258669	
0.0021	0.00025675	
0.0022	0.000254957	
0.0023	0.000253293	
0.0024	0.000251761	
0.0025	0.000250363	
0.0026	0.000249101	
0.0027	0.000247976	
0.0028	0.000246988	
0.0029	0.000246138	
0.003	0.000245425	
0.0031	0.000244848	
0.0032	0.000244406	
0.0033	0.000244097	
0.0034	0.000243919	
0.0035	0.000243868	
0.0036	0.000243942	
0.0037	0.000244138	
0.0038	0.00024445	
0.0039	0.000244876	
0.004	0.000245409	
0.0041	0.000246047	
0.0042	0.000246783	
0.0043	0.000247612	
0.0044	0.000248528	
0.0045	0.000249526	
0.0046	0.0002506	
0.0047	0.000251743	
0.0048	0.000252951	
0.0049	0.000254215	
0.005	0.000255531	
0.0051	0.000256892	
0.0052	0.000258291	
0.0053	0.000259723	
0.0054	0.00026118	
0.0055	0.000262658	
0.0056	0.00026415	
0.0057	0.000265649	
0.0058	0.00026715	
0.0059	0.000268648	
0.006	0.000270137	
0.0061	0.000271611	
0.0062	0.000273066	
0.0063	0.000274495	
0.0064	0.000275896	
0.0065	0.000277262	
0.0066	0.00027859	
0.0067	0.000279876	
0.0068	0.000281115	
0.0069	0.000282304	
0.007	0.00028344	
0.0071	0.00028452	
0.0072	0.000285541	
0.0073	0.000286499	
0.0074	0.000287394	
0.0075	0.000288222	
0.0076	0.000288982	
0.0077	0.000289672	
0.0078	0.000290292	
0.0079	0.000290839	
0.008	0.000291312	
0.0081	0.000291712	
0.0082	0.000292038	
0.0083	0.000292289	
0.0084	0.000292466	
0.0085	0.000292568	
0.0086	0.000292597	
0.0087	0.000292552	
0.0088	0.000292434	
0.0089	0.000292245	
0.009	0.000291985	
0.0091	0.000291655	
0.0092	0.000291258	
0.0093	0.000290794	
0.0094	0.000290265	
0.0095	0.000289673	
0.0096	0.00028902	
0.0097	0.000288308	
0.0098	0.000287539	
0.0099	0.000286716	
0.01	0.000285841	
0.0101	0.000284915	
0.0102	0.000283942	
0.0103	0.000282925	
0.0104	0.000281865	
0.0105	0.000280767	
0.0106	0.000279631	
0.0107	0.000278462	
0.0108	0.000277263	
0.0109	0.000276035	
0.011	0.000274783	
0.0111	0.000273508	
0.0112	0.000272215	
0.0113	0.000270905	
0.0114	0.000269583	
0.0115	0.000268251	
0.0116	0.000266912	
0.0117	0.000265569	
0.0118	0.000264225	
0.0119	0.000262884	
0.012	0.000261548	
0.0121	0.000260219	
0.0122	0.000258902	
0.0123	0.000257598	
0.0124	0.00025631	
0.0125	0.000255042	
0.0126	0.000253796	
0.0127	0.000252574	
0.0128	0.000251379	
0.0129	0.000250213	
0.013	0.000249079	
0.0131	0.000247979	
0.0132	0.000246915	
0.0133	0.00024589	
0.0134	0.000244904	
0.0135	0.000243961	
0.0136	0.000243061	
0.0137	0.000242206	
0.0138	0.000241398	
0.0139	0.000240638	
0.014	0.000239928	
0.0141	0.000239268	
0.0142	0.00023866	
0.0143	0.000238104	
0.0144	0.000237601	
0.0145	0.000237151	
0.0146	0.000236756	
0.0147	0.000236415	
0.0148	0.000236129	
0.0149	0.000235897	
0.015	0.000235719	
0.0151	0.000235596	
0.0152	0.000235527	
0.0153	0.000235511	
0.0154	0.000235547	
0.0155	0.000235636	
0.0156	0.000235775	
0.0157	0.000235964	
0.0158	0.000236203	
0.0159	0.000236488	
0.016	0.00023682	
0.0161	0.000237197	
0.0162	0.000237616	
0.0163	0.000238077	
0.0164	0.000238578	
0.0165	0.000239116	
0.0166	0.00023969	
0.0167	0.000240297	
0.0168	0.000240936	
0.0169	0.000241605	
0.017	0.000242301	
0.0171	0.000243021	
0.0172	0.000243764	
0.0173	0.000244528	
0.0174	0.000245309	
0.0175	0.000246106	
0.0176	0.000246916	
0.0177	0.000247737	
0.0178	0.000248565	
0.0179	0.0002494	
0.018	0.000250238	
0.0181	0.000251077	
0.0182	0.000251915	
0.0183	0.00025275	
0.0184	0.000253579	
0.0185	0.0002544	
0.0186	0.000255211	
0.0187	0.000256011	
0.0188	0.000256796	
0.0189	0.000257565	
0.019	0.000258317	
0.0191	0.00025905	
0.0192	0.000259761	
0.0193	0.000260451	
0.0194	0.000261116	
0.0195	0.000261756	
0.0196	0.000262371	
0.0197	0.000262957	
0.0198	0.000263516	
0.0199	0.000264045	
0.02	0.000264544	
0.0201	0.000265013	
0.0202	0.000265451	
0.0203	0.000265857	
0.0204	0.000266232	
0.0205	0.000266575	
0.0206	0.000266886	
0.0207	0.000267165	
0.0208	0.000267413	
0.0209	0.000267629	
0.021	0.000267814	
0.0211	0.000267969	
0.0212	0.000268095	
0.0213	0.000268191	
0.0214	0.000268258	
0.0215	0.000268298	
0.0216	0.000268311	
0.0217	0.000268299	
0.0218	0.000268262	
0.0219	0.000268201	
0.022	0.000268118	
0.0221	0.000268013	
0.0222	0.000267888	
0.0223	0.000267745	
0.0224	0.000267584	
0.0225	0.000267406	
0.0226	0.000267213	
0.0227	0.000267007	
0.0228	0.000266788	
0.0229	0.000266557	
0.023	0.000266317	
0.0231	0.000266067	
0.0232	0.00026581	
0.0233	0.000265546	
0.0234	0.000265277	
0.0235	0.000265003	
0.0236	0.000264725	
0.0237	0.000264445	
0.0238	0.000264163	
0.0239	0.000263879	
0.024	0.000263596	
0.0241	0.000263312	
0.0242	0.00026303	
0.0243	0.000262748	
0.0244	0.000262469	
0.0245	0.000262191	
0.0246	0.000261916	
0.0247	0.000261644	
0.0248	0.000261374	
0.0249	0.000261107	
0.025	0.000260843	
0.0251	0.000260581	
0.0252	0.000260323	
0.0253	0.000260067	
0.0254	0.000259813	
0.0255	0.000259562	
0.0256	0.000259312	
0.0257	0.000259064	
0.0258	0.000258818	
0.0259	0.000258573	
0.026	0.000258328	
0.0261	0.000258084	
0.0262	0.00025784	
0.0263	0.000257596	
0.0264	0.000257352	
0.0265	0.000257107	
0.0266	0.000256861	
0.0267	0.000256615	
0.0268	0.000256367	
0.0269	0.000256118	
0.027	0.000255868	
0.0271	0.000255617	
0.0272	0.000255365	
0.0273	0.000255112	
0.0274	0.000254858	
0.0275	0.000254604	
0.0276	0.000254349	
0.0277	0.000254095	
0.0278	0.000253842	
0.0279	0.000253591	
0.028	0.000253341	
0.0281	0.000253095	
0.0282	0.000252851	
0.0283	0.000252612	
0.0284	0.000252378	
0.0285	0.00025215	
0.0286	0.000251929	
0.0287	0.000251715	
0.0288	0.000251511	
0.0289	0.000251316	
0.029	0.000251132	
0.0291	0.000250961	
0.0292	0.000250802	
0.0293	0.000250657	
0.0294	0.000250527	
0.0295	0.000250414	
0.0296	0.000250317	
0.0297	0.000250239	
0.0298	0.000250179	
0.0299	0.000250139	
0.03	0.00025012	
0.0301	0.000250122	
0.0302	0.000250145	
0.0303	0.000250192	
0.0304	0.000250261	
0.0305	0.000250354	
0.0306	0.00025047	
0.0307	0.00025061	
0.0308	0.000250775	
0.0309	0.000250963	
0.031	0.000251175	
0.0311	0.000251411	
0.0312	0.00025167	
0.0313	0.000251952	
0.0314	0.000252256	
0.0315	0.000252582	
0.0316	0.000252928	
0.0317	0.000253295	
0.0318	0.00025368	
0.0319	0.000254083	
0.032	0.000254503	
0.0321	0.000254938	
0.0322	0.000255386	
0.0323	0.000255847	
0.0324	0.000256318	
0.0325	0.000256798	
0.0326	0.000257286	
0.0327	0.000257778	
0.0328	0.000258275	
0.0329	0.000258772	
0.033	0.000259269	
0.0331	0.000259764	
0.0332	0.000260254	
0.0333	0.000260738	
0.0334	0.000261213	
0.0335	0.000261677	
0.0336	0.000262128	
0.0337	0.000262564	
0.0338	0.000262983	
0.0339	0.000263383	
0.034	0.000263762	
0.0341	0.000264118	
0.0342	0.000264449	
0.0343	0.000264753	
0.0344	0.000265029	
0.0345	0.000265275	
0.0346	0.000265489	
0.0347	0.000265669	
0.0348	0.000265815	
0.0349	0.000265925	
0.035	0.000265998	
0.0351	0.000266033	
0.0352	0.000266028	
0.0353	0.000265983	
0.0354	0.000265898	
0.0355	0.000265771	
0.0356	0.000265602	
0.0357	0.000265392	
0.0358	0.000265139	
0.0359	0.000264843	
0.036	0.000264506	
0.0361	0.000264127	
0.0362	0.000263705	
0.0363	0.000263243	
0.0364	0.000262741	
0.0365	0.000262198	
0.0366	0.000261617	
0.0367	0.000260999	
0.0368	0.000260343	
0.0369	0.000259653	
0.037	0.000258928	
0.0371	0.000258171	
0.0372	0.000257384	
0.0373	0.000256567	
0.0374	0.000255724	
0.0375	0.000254855	
0.0376	0.000253963	
0.0377	0.00025305	
0.0378	0.000252118	
0.0379	0.00025117	
0.038	0.000250207	
0.0381	0.000249233	
0.0382	0.000248249	
0.0383	0.000247258	
0.0384	0.000246262	
0.0385	0.000245265	
0.0386	0.000244269	
0.0387	0.000243276	
0.0388	0.000242289	
0.0389	0.00024131	
0.039	0.000240344	
0.0391	0.000239391	
0.0392	0.000238454	
0.0393	0.000237537	
0.0394	0.000236642	
0.0395	0.000235771	
0.0396	0.000234927	
0.0397	0.000234112	
0.0398	0.000233329	
0.0399	0.00023258	
0.04	0.000231867	
0.0401	0.000231192	
0.0402	0.000230559	
0.0403	0.000229967	
0.0404	0.000229421	
0.0405	0.00022892	
0.0406	0.000228467	
0.0407	0.000228064	
0.0408	0.000227712	
0.0409	0.000227412	
0.041	0.000227165	
0.0411	0.000226973	
0.0412	0.000226836	
0.0413	0.000226755	
0.0414	0.00022673	
0.0415	0.000226762	
0.0416	0.000226852	
0.0417	0.000226998	
0.0418	0.000227201	
0.0419	0.000227461	
0.042	0.000227777	
0.0421	0.000228148	
0.0422	0.000228574	
0.0423	0.000229053	
0.0424	0.000229585	
0.0425	0.000230167	
0.0426	0.000230799	
0.0427	0.000231479	
0.0428	0.000232204	
0.0429	0.000232973	
0.043	0.000233784	
0.0431	0.000234633	
0.0432	0.000235519	
0.0433	0.000236439	
0.0434	0.00023739	
0.0435	0.00023837	
0.0436	0.000239374	
0.0437	0.000240401	
0.0438	0.000241448	
0.0439	0.000242509	
0.044	0.000243584	
0.0441	0.000244668	
0.0442	0.000245757	
0.0443	0.000246849	
0.0444	0.00024794	
0.0445	0.000249027	
0.0446	0.000250107	
0.0447	0.000251175	
0.0448	0.000252229	
0.0449	0.000253266	
0.045	0.000254282	
0.0451	0.000255274	
0.0452	0.00025624	
0.0453	0.000257177	
0.0454	0.000258082	
0.0455	0.000258952	
0.0456	0.000259786	
0.0457	0.000260581	
0.0458	0.000261335	
0.0459	0.000262046	
0.046	0.000262712	
0.0461	0.000263333	
0.0462	0.000263907	
0.0463	0.000264433	
0.0464	0.000264911	
0.0465	0.000265339	
0.0466	0.000265718	
0.0467	0.000266047	
0.0468	0.000266327	
0.0469	0.000266558	
0.047	0.000266741	
0.0471	0.000266876	
0.0472	0.000266965	
0.0473	0.000267009	
0.0474	0.00026701	
0.0475	0.000266969	
0.0476	0.000266888	
0.0477	0.00026677	
0.0478	0.000266616	
0.0479	0.000266429	
0.048	0.000266212	
0.0481	0.000265968	
0.0482	0.000265699	
0.0483	0.000265408	
0.0484	0.000265099	
0.0485	0.000264774	
0.0486	0.000264437	
0.0487	0.000264091	
0.0488	0.00026374	
0.0489	0.000263386	
0.049	0.000263034	
0.0491	0.000262686	
0.0492	0.000262346	
0.0493	0.000262018	
0.0494	0.000261703	
0.0495	0.000261406	
0.0496	0.00026113	
0.0497	0.000260877	
0.0498	0.00026065	
0.0499	0.000260453	
0.05	0.000260287	
0.0501	0.000260154	
0.0502	0.000260059	
0.0503	0.000260001	
0.0504	0.000259984	
0.0505	0.000260009	
0.0506	0.000260076	
0.0507	0.000260189	
0.0508	0.000260347	
0.0509	0.000260552	
0.051	0.000260804	
0.0511	0.000261103	
0.0512	0.00026145	
0.0513	0.000261845	
0.0514	0.000262287	
0.0515	0.000262776	
0.0516	0.00026331	
0.0517	0.00026389	
0.0518	0.000264513	
0.0519	0.000265179	
0.052	0.000265885	
0.0521	0.00026663	
0.0522	0.000267412	
0.0523	0.000268228	
0.0524	0.000269076	
0.0525	0.000269954	
0.0526	0.000270858	
0.0527	0.000271786	
0.0528	0.000272734	
0.0529	0.0002737	
0.053	0.00027468	
0.0531	0.000275671	
0.0532	0.00027667	
0.0533	0.000277672	
0.0534	0.000278674	
0.0535	0.000279673	
0.0536	0.000280665	
0.0537	0.000281646	
0.0538	0.000282612	
0.0539	0.000283561	
0.054	0.000284488	
0.0541	0.00028539	
0.0542	0.000286263	
0.0543	0.000287105	
0.0544	0.000287912	
0.0545	0.00028868	
0.0546	0.000289407	
0.0547	0.000290089	
0.0548	0.000290725	
0.0549	0.000291312	
0.055	0.000291846	
0.0551	0.000292326	
0.0552	0.000292751	
0.0553	0.000293117	
0.0554	0.000293424	
0.0555	0.00029367	
0.0556	0.000293853	
0.0557	0.000293973	
0.0558	0.00029403	
0.0559	0.000294021	
0.056	0.000293948	
0.0561	0.00029381	
0.0562	0.000293607	
0.0563	0.000293339	
0.0564	0.000293007	
0.0565	0.000292612	
0.0566	0.000292155	
0.0567	0.000291636	
0.0568	0.000291058	
0.0569	0.000290421	
0.057	0.000289728	
0.0571	0.00028898	
0.0572	0.000288179	
0.0573	0.000287328	
0.0574	0.00028643	
0.0575	0.000285485	
0.0576	0.000284498	
0.0577	0.000283471	
0.0578	0.000282407	
0.0579	0.000281309	
0.058	0.00028018	
0.0581	0.000279023	
0.0582	0.000277841	
0.0583	0.000276637	
0.0584	0.000275416	
0.0585	0.000274179	
0.0586	0.000272931	
0.0587	0.000271674	
0.0588	0.000270412	
0.0589	0.000269149	
0.059	0.000267887	
0.0591	0.00026663	
0.0592	0.000265381	
0.0593	0.000264143	
0.0594	0.000262919	
0.0595	0.000261712	
0.0596	0.000260525	
0.0597	0.000259361	
0.0598	0.000258222	
0.0599	0.000257111	
0.06	0.00025603	
0.0601	0.000254982	
0.0602	0.000253969	
0.0603	0.000252992	
0.0604	0.000252054	
0.0605	0.000251157	
0.0606	0.000250302	
0.0607	0.00024949	
0.0608	0.000248723	
0.0609	0.000248002	
0.061	0.000247328	
0.0611	0.000246701	
0.0612	0.000246123	
0.0613	0.000245593	
0.0614	0.000245113	
0.0615	0.000244682	
0.0616	0.0002443	
0.0617	0.000243966	
0.0618	0.000243682	
0.0619	0.000243445	
0.062	0.000243256	
0.0621	0.000243114	
0.0622	0.000243017	
0.0623	0.000242964	
0.0624	0.000242955	
0.0625	0.000242987	
0.0626	0.00024306	
0.0627	0.000243171	
0.0628	0.000243319	
0.0629	0.000243502	
0.063	0.000243718	
0.0631	0.000243966	
0.0632	0.000244241	
0.0633	0.000244544	
0.0634	0.000244871	
0.0635	0.000245219	
0.0636	0.000245588	
0.0637	0.000245973	
0.0638	0.000246373	
0.0639	0.000246786	
0.064	0.000247208	
0.0641	0.000247637	
0.0642	0.000248071	
0.0643	0.000248508	
0.0644	0.000248944	
0.0645	0.000249378	
0.0646	0.000249808	
0.0647	0.00025023	
0.0648	0.000250643	
0.0649	0.000251045	
0.065	0.000251433	
0.0651	0.000251806	
0.0652	0.000252162	
0.0653	0.000252499	
0.0654	0.000252815	
0.0655	0.000253109	
0.0656	0.000253379	
0.0657	0.000253625	
0.0658	0.000253844	
0.0659	0.000254036	
0.066	0.0002542	
0.0661	0.000254334	
0.0662	0.00025444	
0.0663	0.000254515	
0.0664	0.000254559	
0.0665	0.000254573	
0.0666	0.000254556	
0.0667	0.000254507	
0.0668	0.000254428	
0.0669	0.000254318	
0.067	0.000254178	
0.0671	0.000254008	
0.0672	0.000253809	
0.0673	0.000253582	
0.0674	0.000253326	
0.0675	0.000253044	
0.0676	0.000252736	
0.0677	0.000252404	
0.0678	0.000252048	
0.0679	0.00025167	
0.068	0.000251271	
0.0681	0.000250853	
0.0682	0.000250417	
0.0683	0.000249965	
0.0684	0.000249498	
0.0685	0.000249018	
0.0686	0.000248526	
0.0687	0.000248025	
0.0688	0.000247516	
0.0689	0.000247001	
0.069	0.000246482	
0.0691	0.00024596	
0.0692	0.000245437	
0.0693	0.000244916	
0.0694	0.000244397	
0.0695	0.000243882	
0.0696	0.000243374	
0.0697	0.000242874	
0.0698	0.000242384	
0.0699	0.000241905	
0.07	0.000241439	
0.0701	0.000240987	
0.0702	0.000240552	
0.0703	0.000240133	
0.0704	0.000239734	
0.0705	0.000239355	
0.0706	0.000238997	
0.0707	0.000238661	
0.0708	0.00023835	
0.0709	0.000238063	
0.071	0.000237802	
0.0711	0.000237567	
0.0712	0.000237361	
0.0713	0.000237182	
0.0714	0.000237032	
0.0715	0.000236912	
0.0716	0.000236822	
0.0717	0.000236763	
0.0718	0.000236734	
0.0719	0.000236737	
0.072	0.000236772	
0.0721	0.000236838	
0.0722	0.000236936	
0.0723	0.000237065	
0.0724	0.000237227	
0.0725	0.00023742	
0.0726	0.000237645	
0.0727	0.000237901	
0.0728	0.000238188	
0.0729	0.000238506	
0.073	0.000238855	
0.0731	0.000239233	
0.0732	0.000239641	
0.0733	0.000240078	
0.0734	0.000240544	
0.0735	0.000241038	
0.0736	0.000241559	
0.0737	0.000242107	
0.0738	0.000242681	
0.0739	0.00024328	
0.074	0.000243904	
0.0741	0.000244552	
0.0742	0.000245223	
0.0743	0.000245917	
0.0744	0.000246632	
0.0745	0.000247368	
0.0746	0.000248123	
0.0747	0.000248898	
0.0748	0.00024969	
0.0749	0.0002505	
0.075	0.000251326	
0.0751	0.000252167	
0.0752	0.000253022	
0.0753	0.00025389	
0.0754	0.000254771	
0.0755	0.000255662	
0.0756	0.000256563	
0.0757	0.000257473	
0.0758	0.000258391	
0.0759	0.000259315	
0.076	0.000260244	
0.0761	0.000261177	
0.0762	0.000262113	
0.0763	0.00026305	
0.0764	0.000263987	
0.0765	0.000264922	
0.0766	0.000265855	
0.0767	0.000266784	
0.0768	0.000267707	
0.0769	0.000268622	
0.077	0.00026953	
0.0771	0.000270427	
0.0772	0.000271312	
0.0773	0.000272185	
0.0774	0.000273043	
0.0775	0.000273885	
0.0776	0.000274709	
0.0777	0.000275514	
0.0778	0.000276298	
0.0779	0.00027706	
0.078	0.000277798	
0.0781	0.000278511	
0.0782	0.000279198	
0.0783	0.000279857	
0.0784	0.000280486	
0.0785	0.000281085	
0.0786	0.000281653	
0.0787	0.000282187	
0.0788	0.000282688	
0.0789	0.000283153	
0.079	0.000283583	
0.0791	0.000283976	
0.0792	0.000284331	
0.0793	0.000284648	
0.0794	0.000284926	
0.0795	0.000285164	
0.0796	0.000285363	
0.0797	0.000285521	
0.0798	0.000285639	
0.0799	0.000285717	
0.08	0.000285754	
0.0801	0.00028575	
0.0802	0.000285707	
0.0803	0.000285624	
0.0804	0.000285501	
0.0805	0.00028534	
0.0806	0.000285141	
0.0807	0.000284904	
0.0808	0.000284631	
0.0809	0.000284322	
0.081	0.000283979	
0.0811	0.000283602	
0.0812	0.000283194	
0.0813	0.000282754	
0.0814	0.000282286	
0.0815	0.000281789	
0.0816	0.000281267	
0.0817	0.000280719	
0.0818	0.000280149	
0.0819	0.000279557	
0.082	0.000278946	
0.0821	0.000278316	
0.0822	0.000277671	
0.0823	0.000277011	
0.0824	0.000276339	
0.0825	0.000275655	
0.0826	0.000274963	
0.0827	0.000274263	
0.0828	0.000273558	
0.0829	0.000272849	
0.083	0.000272137	
0.0831	0.000271424	
0.0832	0.000270712	
0.0833	0.000270001	
0.0834	0.000269294	
0.0835	0.000268592	
0.0836	0.000267895	
0.0837	0.000267204	
0.0838	0.000266521	
0.0839	0.000265847	
0.084	0.000265181	
0.0841	0.000264525	
0.0842	0.00026388	
0.0843	0.000263244	
0.0844	0.00026262	
0.0845	0.000262006	
0.0846	0.000261403	
0.0847	0.000260811	
0.0848	0.000260229	
0.0849	0.000259658	
0.085	0.000259097	
0.0851	0.000258545	
0.0852	0.000258002	
0.0853	0.000257467	
0.0854	0.000256939	
0.0855	0.000256418	
0.0856	0.000255903	
0.0857	0.000255392	
0.0858	0.000254886	
0.0859	0.000254383	
0.086	0.000253881	
0.0861	0.00025338	
0.0862	0.00025288	
0.0863	0.000252378	
0.0864	0.000251874	
0.0865	0.000251367	
0.0866	0.000250857	
0.0867	0.000250342	
0.0868	0.000249821	
0.0869	0.000249294	
0.087	0.000248761	
0.0871	0.00024822	
0.0872	0.000247672	
0.0873	0.000247116	
0.0874	0.000246552	
0.0875	0.00024598	
0.0876	0.000245399	
0.0877	0.000244811	
0.0878	0.000244216	
0.0879	0.000243613	
0.088	0.000243004	
0.0881	0.00024239	
0.0882	0.000241771	
0.0883	0.000241149	
0.0884	0.000240525	
0.0885	0.000239899	
0.0886	0.000239275	
0.0887	0.000238653	
0.0888	0.000238036	
0.0889	0.000237425	
0.089	0.000236822	
0.0891	0.00023623	
0.0892	0.00023565	
0.0893	0.000235086	
0.0894	0.00023454	
0.0895	0.000234015	
0.0896	0.000233512	
0.0897	0.000233035	
0.0898	0.000232587	
0.0899	0.00023217	
0.09	0.000231787	
0.0901	0.00023144	
0.0902	0.000231134	
0.0903	0.00023087	
0.0904	0.000230652	
0.0905	0.000230481	
0.0906	0.000230361	
0.0907	0.000230293	
0.0908	0.000230281	
0.0909	0.000230327	
0.091	0.000230433	
0.0911	0.000230601	
0.0912	0.000230833	
0.0913	0.00023113	
0.0914	0.000231494	
0.0915	0.000231926	
0.0916	0.000232428	
0.0917	0.000233	
0.0918	0.000233643	
0.0919	0.000234357	
0.092	0.000235143	
0.0921	0.000235999	
0.0922	0.000236926	
0.0923	0.000237924	
0.0924	0.00023899	
0.0925	0.000240124	
0.0926	0.000241324	
0.0927	0.000242588	
0.0928	0.000243914	
0.0929	0.0002453	
0.093	0.000246743	
0.0931	0.000248239	
0.0932	0.000249785	
0.0933	0.000251378	
0.0934	0.000253014	
0.0935	0.000254688	
0.0936	0.000256397	
0.0937	0.000258135	
0.0938	0.000259897	
0.0939	0.000261679	
0.094	0.000263476	
0.0941	0.000265281	
0.0942	0.000267089	
0.0943	0.000268894	
0.0944	0.000270691	
0.0945	0.000272474	
0.0946	0.000274236	
0.0947	0.000275971	
0.0948	0.000277674	
0.0949	0.000279337	
0.095	0.000280955	
0.0951	0.000282522	
0.0952	0.000284031	
0.0953	0.000285477	
0.0954	0.000286854	
0.0955	0.000288156	
0.0956	0.000289377	
0.0957	0.000290512	
0.0958	0.000291555	
0.0959	0.000292503	
0.096	0.000293349	
0.0961	0.00029409	
0.0962	0.000294721	
0.0963	0.000295238	
0.0964	0.000295638	
0.0965	0.000295917	
0.0966	0.000296074	
0.0967	0.000296104	
0.0968	0.000296006	
0.0969	0.000295778	
0.097	0.000295419	
0.0971	0.000294929	
0.0972	0.000294306	
0.0973	0.00029355	
0.0974	0.000292663	
0.0975	0.000291645	
0.0976	0.000290497	
0.0977	0.000289221	
0.0978	0.00028782	
0.0979	0.000286296	
0.098	0.000284652	
0.0981	0.000282893	
0.0982	0.000281021	
0.0983	0.000279043	
0.0984	0.000276963	
0.0985	0.000274785	
0.0986	0.000272517	
0.0987	0.000270164	
0.0988	0.000267732	
0.0989	0.00026523	
0.099	0.000262662	
0.0991	0.000260039	
0.0992	0.000257366	
0.0993	0.000254653	
0.0994	0.000251907	
0.0995	0.000249137	
0.0996	0.000246352	
0.0997	0.00024356	
0.0998	0.00024077	
0.0999	0.000237992	
