Time[s] - Voltage	Amplitude [V] - Voltage	
0	-2.76973	
0.0001	-2.77071	
0.0002	-2.77039	
0.0003	-2.77006	
0.0004	-2.76973	
0.0005	-2.76941	
0.0006	-2.76973	
0.0007	-2.76876	
0.0008	-2.77006	
0.0009	-2.77039	
0.001	-2.76973	
0.0011	-2.77039	
0.0012	-2.77039	
0.0013	-2.76908	
0.0014	-2.77039	
0.0015	-2.77006	
0.0016	-2.77039	
0.0017	-2.77006	
0.0018	-2.77006	
0.0019	-2.77039	
0.002	-2.77039	
0.0021	-2.77104	
0.0022	2.79339	
0.0023	2.79111	
0.0024	2.78948	
0.0025	2.78981	
0.0026	2.78915	
0.0027	2.78752	
0.0028	2.7885	
0.0029	2.78818	
0.003	2.78883	
0.0031	2.78915	
0.0032	2.78687	
0.0033	2.78948	
0.0034	2.78687	
0.0035	2.7885	
0.0036	2.78883	
0.0037	2.78883	
0.0038	2.7885	
0.0039	2.78981	
0.004	2.78915	
0.0041	2.7885	
0.0042	2.78883	
0.0043	2.78818	
0.0044	2.78818	
0.0045	2.78883	
0.0046	2.78785	
0.0047	2.78752	
0.0048	2.78883	
0.0049	2.78915	
0.005	2.78883	
0.0051	2.78948	
0.0052	2.78883	
0.0053	2.78915	
0.0054	2.78915	
0.0055	2.78785	
0.0056	2.78883	
0.0057	2.78948	
0.0058	2.78818	
0.0059	2.78818	
0.006	2.78883	
0.0061	2.7872	
0.0062	2.78915	
0.0063	2.78883	
0.0064	2.7885	
0.0065	2.78915	
0.0066	2.78981	
0.0067	2.78883	
0.0068	2.78948	
0.0069	2.78948	
0.007	2.78883	
0.0071	2.78818	
0.0072	2.78915	
0.0073	2.78883	
0.0074	2.78915	
0.0075	2.78948	
0.0076	2.78948	
0.0077	2.7885	
0.0078	2.78948	
0.0079	2.78948	
0.008	2.79078	
0.0081	2.78915	
0.0082	2.78915	
0.0083	-2.7756	
0.0084	-2.77169	
0.0085	-2.77071	
0.0086	-2.76973	
0.0087	-2.76876	
0.0088	-2.77071	
0.0089	-2.76745	
0.009	-2.77039	
0.0091	-2.76941	
0.0092	-2.76876	
0.0093	-2.76941	
0.0094	-2.76973	
0.0095	-2.76876	
0.0096	-2.76908	
0.0097	-2.77006	
0.0098	-2.76941	
0.0099	-2.76973	
0.01	-2.76941	
0.0101	-2.76908	
0.0102	-2.77039	
0.0103	-2.76876	
0.0104	-2.76973	
0.0105	-2.76876	
0.0106	-2.77006	
0.0107	-2.76973	
0.0108	-2.76941	
0.0109	-2.76843	
0.011	-2.77071	
0.0111	-2.77169	
0.0112	-2.77039	
0.0113	-2.77006	
0.0114	-2.77039	
0.0115	-2.77136	
0.0116	-2.76908	
0.0117	-2.76973	
0.0118	-2.77006	
0.0119	-2.77039	
0.012	-2.76941	
0.0121	-2.77039	
0.0122	-2.77071	
0.0123	-2.76973	
0.0124	-2.76908	
0.0125	-2.76908	
0.0126	-2.77006	
0.0127	-2.77039	
0.0128	-2.77006	
0.0129	-2.76973	
0.013	-2.77006	
0.0131	-2.77006	
0.0132	-2.76941	
0.0133	-2.76973	
0.0134	-2.77202	
0.0135	-2.77039	
0.0136	-2.77039	
0.0137	-2.77071	
0.0138	-2.77006	
0.0139	-2.77039	
0.014	-2.77006	
0.0141	-2.77039	
0.0142	-2.77039	
0.0143	-2.77039	
0.0144	-2.77006	
0.0145	2.79241	
0.0146	2.79111	
0.0147	2.79046	
0.0148	2.78818	
0.0149	2.78981	
0.015	2.78981	
0.0151	2.7885	
0.0152	2.7885	
0.0153	2.78818	
0.0154	2.78818	
0.0155	2.79013	
0.0156	2.78687	
0.0157	2.78785	
0.0158	2.7885	
0.0159	2.78818	
0.016	2.78883	
0.0161	2.78752	
0.0162	2.7885	
0.0163	2.78752	
0.0164	2.78818	
0.0165	2.7885	
0.0166	2.78818	
0.0167	2.78818	
0.0168	2.78915	
0.0169	2.7885	
0.017	2.78948	
0.0171	2.78883	
0.0172	2.78883	
0.0173	2.78818	
0.0174	2.78883	
0.0175	2.78752	
0.0176	2.78915	
0.0177	2.7885	
0.0178	2.78915	
0.0179	2.78883	
0.018	2.78981	
0.0181	2.78981	
0.0182	2.78948	
0.0183	2.78915	
0.0184	2.78818	
0.0185	2.78915	
0.0186	2.78915	
0.0187	2.78818	
0.0188	2.7885	
0.0189	2.78948	
0.019	2.78915	
0.0191	2.78948	
0.0192	2.78818	
0.0193	2.7885	
0.0194	2.78948	
0.0195	2.78915	
0.0196	2.78915	
0.0197	2.78752	
0.0198	2.78981	
0.0199	2.78818	
0.02	2.78915	
0.0201	2.78948	
0.0202	2.78915	
0.0203	2.78948	
0.0204	2.78948	
0.0205	2.78883	
0.0206	-2.77527	
0.0207	-2.77299	
0.0208	-2.77071	
0.0209	-2.76876	
0.021	-2.76941	
0.0211	-2.77006	
0.0212	-2.76843	
0.0213	-2.76973	
0.0214	-2.77006	
0.0215	-2.77006	
0.0216	-2.76908	
0.0217	-2.76876	
0.0218	-2.76908	
0.0219	-2.76843	
0.022	-2.76908	
0.0221	-2.77039	
0.0222	-2.76973	
0.0223	-2.77006	
0.0224	-2.76876	
0.0225	-2.76908	
0.0226	-2.76876	
0.0227	-2.76973	
0.0228	-2.76941	
0.0229	-2.76876	
0.023	-2.76941	
0.0231	-2.77006	
0.0232	-2.77006	
0.0233	-2.77006	
0.0234	-2.76973	
0.0235	-2.76941	
0.0236	-2.76941	
0.0237	-2.77006	
0.0238	-2.77006	
0.0239	-2.77039	
0.024	-2.76973	
0.0241	-2.76941	
0.0242	-2.77039	
0.0243	-2.77104	
0.0244	-2.77006	
0.0245	-2.77006	
0.0246	-2.77071	
0.0247	-2.76973	
0.0248	-2.76973	
0.0249	-2.77039	
0.025	-2.77071	
0.0251	-2.77104	
0.0252	-2.77104	
0.0253	-2.77104	
0.0254	-2.77104	
0.0255	-2.77006	
0.0256	-2.77039	
0.0257	-2.77104	
0.0258	-2.76876	
0.0259	-2.77006	
0.026	-2.77006	
0.0261	-2.77006	
0.0262	-2.77071	
0.0263	-2.77039	
0.0264	-2.77234	
0.0265	-2.77006	
0.0266	-2.76973	
0.0267	-2.77039	
0.0268	2.79372	
0.0269	2.79078	
0.027	2.78948	
0.0271	2.78785	
0.0272	2.7885	
0.0273	2.78785	
0.0274	2.78818	
0.0275	2.7885	
0.0276	2.78785	
0.0277	2.78785	
0.0278	2.78752	
0.0279	2.78818	
0.028	2.7885	
0.0281	2.78818	
0.0282	2.7872	
0.0283	2.78818	
0.0284	2.78883	
0.0285	2.78818	
0.0286	2.78883	
0.0287	2.78818	
0.0288	2.78785	
0.0289	2.78883	
0.029	2.78785	
0.0291	2.78752	
0.0292	2.7885	
0.0293	2.78981	
0.0294	2.78752	
0.0295	2.78818	
0.0296	2.78948	
0.0297	2.78883	
0.0298	2.7872	
0.0299	2.78752	
0.03	2.78883	
0.0301	2.7885	
0.0302	2.78948	
0.0303	2.7885	
0.0304	2.7885	
0.0305	2.78883	
0.0306	2.7885	
0.0307	2.78883	
0.0308	2.78915	
0.0309	2.78883	
0.031	2.78948	
0.0311	2.78883	
0.0312	2.7885	
0.0313	2.78883	
0.0314	2.78981	
0.0315	2.78948	
0.0316	2.78883	
0.0317	2.78883	
0.0318	2.78948	
0.0319	2.78915	
0.032	2.78915	
0.0321	2.78883	
0.0322	2.78915	
0.0323	2.79111	
0.0324	2.7885	
0.0325	2.79046	
0.0326	2.78883	
0.0327	2.78883	
0.0328	2.78948	
0.0329	-2.77495	
0.033	-2.77202	
0.0331	-2.76973	
0.0332	-2.77006	
0.0333	-2.76908	
0.0334	-2.76843	
0.0335	-2.76941	
0.0336	-2.76908	
0.0337	-2.76908	
0.0338	-2.76843	
0.0339	-2.76973	
0.034	-2.77071	
0.0341	-2.76876	
0.0342	-2.76941	
0.0343	-2.76973	
0.0344	-2.76876	
0.0345	-2.76941	
0.0346	-2.76876	
0.0347	-2.76908	
0.0348	-2.77006	
0.0349	-2.76973	
0.035	-2.76973	
0.0351	-2.7681	
0.0352	-2.76973	
0.0353	-2.76941	
0.0354	-2.77039	
0.0355	-2.77071	
0.0356	-2.77006	
0.0357	-2.76876	
0.0358	-2.76973	
0.0359	-2.76876	
0.036	-2.77039	
0.0361	-2.76941	
0.0362	-2.76941	
0.0363	-2.76941	
0.0364	-2.77039	
0.0365	-2.76941	
0.0366	-2.76941	
0.0367	-2.77006	
0.0368	-2.77039	
0.0369	-2.77169	
0.037	-2.77006	
0.0371	-2.77039	
0.0372	-2.76876	
0.0373	-2.77039	
0.0374	-2.76973	
0.0375	-2.77071	
0.0376	-2.77104	
0.0377	-2.77071	
0.0378	-2.77006	
0.0379	-2.77039	
0.038	-2.76973	
0.0381	-2.77006	
0.0382	-2.77039	
0.0383	-2.77071	
0.0384	-2.77071	
0.0385	-2.77039	
0.0386	-2.77006	
0.0387	-2.77071	
0.0388	-2.77039	
0.0389	-2.77071	
0.039	2.79567	
0.0391	2.79274	
0.0392	2.78981	
0.0393	2.78981	
0.0394	2.78883	
0.0395	2.78818	
0.0396	2.78883	
0.0397	2.78785	
0.0398	2.78752	
0.0399	2.78752	
0.04	2.78818	
0.0401	2.78752	
0.0402	2.78818	
0.0403	2.78752	
0.0404	2.7885	
0.0405	2.78883	
0.0406	2.7885	
0.0407	2.78785	
0.0408	2.78752	
0.0409	2.78818	
0.041	2.78818	
0.0411	2.78948	
0.0412	2.78948	
0.0413	2.78785	
0.0414	2.7885	
0.0415	2.78818	
0.0416	2.78883	
0.0417	2.7885	
0.0418	2.78785	
0.0419	2.78948	
0.042	2.7885	
0.0421	2.78557	
0.0422	2.78752	
0.0423	2.78915	
0.0424	2.78785	
0.0425	2.7885	
0.0426	2.7885	
0.0427	2.78785	
0.0428	2.78915	
0.0429	2.78883	
0.043	2.78883	
0.0431	2.78785	
0.0432	2.78948	
0.0433	2.7885	
0.0434	2.78818	
0.0435	2.78818	
0.0436	2.78883	
0.0437	2.78883	
0.0438	2.78883	
0.0439	2.79013	
0.044	2.78948	
0.0441	2.78981	
0.0442	2.78883	
0.0443	2.78948	
0.0444	2.78883	
0.0445	2.78915	
0.0446	2.78883	
0.0447	2.78883	
0.0448	2.78948	
0.0449	2.78883	
0.045	2.79078	
0.0451	2.78981	
0.0452	-2.77364	
0.0453	-2.7743	
0.0454	-2.77267	
0.0455	-2.77006	
0.0456	-2.77071	
0.0457	-2.76843	
0.0458	-2.77006	
0.0459	-2.76973	
0.046	-2.76908	
0.0461	-2.76908	
0.0462	-2.76908	
0.0463	-2.76941	
0.0464	-2.76745	
0.0465	-2.76908	
0.0466	-2.76973	
0.0467	-2.77006	
0.0468	-2.76973	
0.0469	-2.76973	
0.047	-2.76941	
0.0471	-2.76973	
0.0472	-2.76843	
0.0473	-2.76843	
0.0474	-2.77039	
0.0475	-2.76973	
0.0476	-2.76973	
0.0477	-2.76973	
0.0478	-2.76973	
0.0479	-2.76941	
0.048	-2.76973	
0.0481	-2.76908	
0.0482	-2.77006	
0.0483	-2.76973	
0.0484	-2.76973	
0.0485	-2.77006	
0.0486	-2.76973	
0.0487	-2.77039	
0.0488	-2.77104	
0.0489	-2.76973	
0.049	-2.77039	
0.0491	-2.77006	
0.0492	-2.76876	
0.0493	-2.77039	
0.0494	-2.77006	
0.0495	-2.76941	
0.0496	-2.77006	
0.0497	-2.77006	
0.0498	-2.77006	
0.0499	-2.76973	
0.05	-2.77169	
0.0501	-2.77136	
0.0502	-2.77006	
0.0503	-2.77006	
0.0504	-2.76973	
0.0505	-2.76973	
0.0506	-2.77071	
0.0507	-2.77006	
0.0508	-2.77006	
0.0509	-2.77006	
0.051	-2.77136	
0.0511	-2.76908	
0.0512	-2.77006	
0.0513	2.79567	
0.0514	2.79143	
0.0515	2.79013	
0.0516	2.78948	
0.0517	2.78785	
0.0518	2.78818	
0.0519	2.78818	
0.052	2.78785	
0.0521	2.7885	
0.0522	2.78752	
0.0523	2.78818	
0.0524	2.78785	
0.0525	2.7885	
0.0526	2.78785	
0.0527	2.7885	
0.0528	2.78948	
0.0529	2.78818	
0.053	2.78752	
0.0531	2.78883	
0.0532	2.78915	
0.0533	2.78818	
0.0534	2.78818	
0.0535	2.78818	
0.0536	2.7885	
0.0537	2.7885	
0.0538	2.7885	
0.0539	2.7885	
0.054	2.7885	
0.0541	2.78752	
0.0542	2.7885	
0.0543	2.78883	
0.0544	2.78752	
0.0545	2.78915	
0.0546	2.7885	
0.0547	2.78948	
0.0548	2.7872	
0.0549	2.78981	
0.055	2.78883	
0.0551	2.78948	
0.0552	2.78915	
0.0553	2.78785	
0.0554	2.78818	
0.0555	2.7885	
0.0556	2.78883	
0.0557	2.78883	
0.0558	2.78948	
0.0559	2.78818	
0.056	2.78883	
0.0561	2.78948	
0.0562	2.7885	
0.0563	2.78915	
0.0564	2.78785	
0.0565	2.7885	
0.0566	2.78883	
0.0567	2.79013	
0.0568	2.78883	
0.0569	2.78948	
0.057	2.7885	
0.0571	2.78883	
0.0572	2.78915	
0.0573	2.78883	
0.0574	2.78948	
0.0575	-2.77495	
0.0576	-2.77267	
0.0577	-2.77071	
0.0578	-2.77039	
0.0579	-2.77006	
0.058	-2.77006	
0.0581	-2.76876	
0.0582	-2.76941	
0.0583	-2.7681	
0.0584	-2.76973	
0.0585	-2.76973	
0.0586	-2.77039	
0.0587	-2.76941	
0.0588	-2.76973	
0.0589	-2.76941	
0.059	-2.76941	
0.0591	-2.76843	
0.0592	-2.77006	
0.0593	-2.76876	
0.0594	-2.77071	
0.0595	-2.77006	
0.0596	-2.76973	
0.0597	-2.77039	
0.0598	-2.76973	
0.0599	-2.77136	
0.06	-2.76908	
0.0601	-2.76876	
0.0602	-2.76973	
0.0603	-2.76973	
0.0604	-2.77071	
0.0605	-2.77006	
0.0606	-2.76973	
0.0607	-2.77071	
0.0608	-2.77071	
0.0609	-2.76941	
0.061	-2.76941	
0.0611	-2.77397	
0.0612	-2.77234	
0.0613	-2.76941	
0.0614	-2.77006	
0.0615	-2.77039	
0.0616	-2.77006	
0.0617	-2.77006	
0.0618	-2.77071	
0.0619	-2.77006	
0.062	-2.77006	
0.0621	-2.77006	
0.0622	-2.77104	
0.0623	-2.77169	
0.0624	-2.77039	
0.0625	-2.77039	
0.0626	-2.76941	
0.0627	-2.76973	
0.0628	-2.77071	
0.0629	-2.77039	
0.063	-2.77006	
0.0631	-2.77071	
0.0632	-2.77039	
0.0633	-2.77039	
0.0634	-2.77039	
0.0635	-2.77136	
0.0636	2.79535	
0.0637	2.79306	
0.0638	2.79078	
0.0639	2.78948	
0.064	2.78883	
0.0641	2.7885	
0.0642	2.7885	
0.0643	2.78883	
0.0644	2.78785	
0.0645	2.78785	
0.0646	2.78818	
0.0647	2.7885	
0.0648	2.78687	
0.0649	2.7885	
0.065	2.7885	
0.0651	2.78785	
0.0652	2.78818	
0.0653	2.7885	
0.0654	2.7885	
0.0655	2.78915	
0.0656	2.78752	
0.0657	2.78915	
0.0658	2.78818	
0.0659	2.78818	
0.066	2.78981	
0.0661	2.78883	
0.0662	2.78818	
0.0663	2.7885	
0.0664	2.78818	
0.0665	2.78785	
0.0666	2.7885	
0.0667	2.7885	
0.0668	2.78948	
0.0669	2.7885	
0.067	2.7885	
0.0671	2.78948	
0.0672	2.78752	
0.0673	2.78883	
0.0674	2.7885	
0.0675	2.78883	
0.0676	2.78948	
0.0677	2.78785	
0.0678	2.78948	
0.0679	2.78915	
0.068	2.78883	
0.0681	2.78915	
0.0682	2.78915	
0.0683	2.78948	
0.0684	2.78948	
0.0685	2.78785	
0.0686	2.78948	
0.0687	2.78883	
0.0688	2.78948	
0.0689	2.78948	
0.069	2.79013	
0.0691	2.7885	
0.0692	2.78981	
0.0693	2.78948	
0.0694	2.78818	
0.0695	2.78948	
0.0696	2.78883	
0.0697	2.78915	
0.0698	-2.77332	
0.0699	-2.77104	
0.07	-2.77039	
0.0701	-2.77039	
0.0702	-2.76941	
0.0703	-2.77039	
0.0704	-2.76941	
0.0705	-2.76941	
0.0706	-2.76973	
0.0707	-2.76973	
0.0708	-2.76973	
0.0709	-2.76876	
0.071	-2.76843	
0.0711	-2.77006	
0.0712	-2.76973	
0.0713	-2.77071	
0.0714	-2.76941	
0.0715	-2.76876	
0.0716	-2.77006	
0.0717	-2.76973	
0.0718	-2.76973	
0.0719	-2.76973	
0.072	-2.77039	
0.0721	-2.77006	
0.0722	-2.76941	
0.0723	-2.77006	
0.0724	-2.77039	
0.0725	-2.77039	
0.0726	-2.76941	
0.0727	-2.77006	
0.0728	-2.77071	
0.0729	-2.77006	
0.073	-2.76941	
0.0731	-2.77071	
0.0732	-2.76973	
0.0733	-2.76908	
0.0734	-2.77006	
0.0735	-2.76941	
0.0736	-2.77039	
0.0737	-2.77006	
0.0738	-2.77006	
0.0739	-2.76941	
0.074	-2.77104	
0.0741	-2.76973	
0.0742	-2.77039	
0.0743	-2.76973	
0.0744	-2.76973	
0.0745	-2.76973	
0.0746	-2.76973	
0.0747	-2.77039	
0.0748	-2.76973	
0.0749	-2.77006	
0.075	-2.76908	
0.0751	-2.77039	
0.0752	-2.77071	
0.0753	-2.76973	
0.0754	-2.76973	
0.0755	-2.76941	
0.0756	-2.77071	
0.0757	-2.77071	
0.0758	-2.77104	
0.0759	2.796	
0.076	2.79143	
0.0761	2.79078	
0.0762	2.78883	
0.0763	2.78818	
0.0764	2.78883	
0.0765	2.78818	
0.0766	2.78883	
0.0767	2.7885	
0.0768	2.78981	
0.0769	2.78883	
0.077	2.78687	
0.0771	2.78981	
0.0772	2.78785	
0.0773	2.78752	
0.0774	2.78883	
0.0775	2.78752	
0.0776	2.78818	
0.0777	2.78818	
0.0778	2.7885	
0.0779	2.7885	
0.078	2.78883	
0.0781	2.78818	
0.0782	2.78785	
0.0783	2.7872	
0.0784	2.78818	
0.0785	2.7872	
0.0786	2.78883	
0.0787	2.78818	
0.0788	2.7885	
0.0789	2.7885	
0.079	2.78915	
0.0791	2.78883	
0.0792	2.78915	
0.0793	2.78818	
0.0794	2.78883	
0.0795	2.7885	
0.0796	2.78948	
0.0797	2.78818	
0.0798	2.7885	
0.0799	2.78948	
0.08	2.78818	
0.0801	2.78915	
0.0802	2.78981	
0.0803	2.7885	
0.0804	2.7885	
0.0805	2.78915	
0.0806	2.79013	
0.0807	2.78883	
0.0808	2.78948	
0.0809	2.78818	
0.081	2.78818	
0.0811	2.78785	
0.0812	2.78883	
0.0813	2.78883	
0.0814	2.78883	
0.0815	2.78915	
0.0816	2.78883	
0.0817	2.78981	
0.0818	2.78948	
0.0819	2.7885	
0.082	2.7885	
0.0821	-2.77332	
0.0822	-2.77234	
0.0823	-2.77071	
0.0824	-2.77006	
0.0825	-2.76973	
0.0826	-2.77006	
0.0827	-2.76941	
0.0828	-2.76973	
0.0829	-2.76941	
0.083	-2.76973	
0.0831	-2.76941	
0.0832	-2.76941	
0.0833	-2.76941	
0.0834	-2.77006	
0.0835	-2.76908	
0.0836	-2.76973	
0.0837	-2.76908	
0.0838	-2.76973	
0.0839	-2.77006	
0.084	-2.77039	
0.0841	-2.77006	
0.0842	-2.76778	
0.0843	-2.77006	
0.0844	-2.76973	
0.0845	-2.76908	
0.0846	-2.77104	
0.0847	-2.76876	
0.0848	-2.76973	
0.0849	-2.76973	
0.085	-2.76973	
0.0851	-2.77039	
0.0852	-2.77039	
0.0853	-2.77071	
0.0854	-2.77006	
0.0855	-2.76876	
0.0856	-2.77104	
0.0857	-2.77104	
0.0858	-2.77039	
0.0859	-2.76973	
0.086	-2.77104	
0.0861	-2.77039	
0.0862	-2.77006	
0.0863	-2.76973	
0.0864	-2.77039	
0.0865	-2.77006	
0.0866	-2.77202	
0.0867	-2.77039	
0.0868	-2.77104	
0.0869	-2.77006	
0.087	-2.76973	
0.0871	-2.76973	
0.0872	-2.77104	
0.0873	-2.77071	
0.0874	-2.76973	
0.0875	-2.77136	
0.0876	-2.77039	
0.0877	-2.77104	
0.0878	-2.77071	
0.0879	-2.77039	
0.088	-2.77071	
0.0881	-2.77234	
0.0882	2.79404	
0.0883	2.79241	
0.0884	2.78948	
0.0885	2.79013	
0.0886	2.78818	
0.0887	2.78818	
0.0888	2.78818	
0.0889	2.78785	
0.089	2.7885	
0.0891	2.7885	
0.0892	2.78818	
0.0893	2.78785	
0.0894	2.78818	
0.0895	2.7885	
0.0896	2.78785	
0.0897	2.7885	
0.0898	2.78915	
0.0899	2.78883	
0.09	2.78785	
0.0901	2.78818	
0.0902	2.78915	
0.0903	2.78883	
0.0904	2.7885	
0.0905	2.78818	
0.0906	2.7885	
0.0907	2.78883	
0.0908	2.78818	
0.0909	2.78883	
0.091	2.7885	
0.0911	2.78687	
0.0912	2.7872	
0.0913	2.79176	
0.0914	2.7885	
0.0915	2.78915	
0.0916	2.78687	
0.0917	2.79046	
0.0918	2.7885	
0.0919	2.78948	
0.092	2.7885	
0.0921	2.78981	
0.0922	2.78915	
0.0923	2.79013	
0.0924	2.78818	
0.0925	2.78948	
0.0926	2.78915	
0.0927	2.78883	
0.0928	2.78948	
0.0929	2.78981	
0.093	2.78883	
0.0931	2.78948	
0.0932	2.78981	
0.0933	2.7885	
0.0934	2.7885	
0.0935	2.7885	
0.0936	2.7885	
0.0937	2.7885	
0.0938	2.7885	
0.0939	2.78752	
0.094	2.78948	
0.0941	2.79013	
0.0942	2.78752	
0.0943	-2.90302	
0.0944	-2.77299	
0.0945	-2.77136	
0.0946	-2.77071	
0.0947	-2.76941	
0.0948	-2.76876	
0.0949	-2.76876	
0.095	-2.77039	
0.0951	-2.76941	
0.0952	-2.77006	
0.0953	-2.76973	
0.0954	-2.77039	
0.0955	-2.76908	
0.0956	-2.76876	
0.0957	-2.76941	
0.0958	-2.76973	
0.0959	-2.77006	
0.096	-2.76843	
0.0961	-2.76908	
0.0962	-2.76908	
0.0963	-2.76908	
0.0964	-2.76973	
0.0965	-2.77006	
0.0966	-2.77039	
0.0967	-2.77006	
0.0968	-2.76973	
0.0969	-2.76973	
0.097	-2.77006	
0.0971	-2.76941	
0.0972	-2.76941	
0.0973	-2.77071	
0.0974	-2.77006	
0.0975	-2.77071	
0.0976	-2.76973	
0.0977	-2.76973	
0.0978	-2.76843	
0.0979	-2.77006	
0.098	-2.77039	
0.0981	-2.77039	
0.0982	-2.77071	
0.0983	-2.77234	
0.0984	-2.77104	
0.0985	-2.77136	
0.0986	-2.76941	
0.0987	-2.77039	
0.0988	-2.77104	
0.0989	-2.77136	
0.099	-2.77104	
0.0991	-2.76973	
0.0992	-2.76941	
0.0993	-2.77039	
0.0994	-2.77039	
0.0995	-2.76973	
0.0996	-2.77006	
0.0997	-2.77006	
0.0998	-2.77071	
0.0999	-2.77169	
