Time[s] - Voltage	Amplitude [V] - Voltage	
0	0.483542	
0.0001	0.817896	
0.0002	1.15258	
0.0003	1.48726	
0.0004	1.82291	
0.0005	2.15922	
0.0006	2.49423	
0.0007	2.7331	
0.0008	2.39679	
0.0009	2.06146	
0.001	1.72678	
0.0011	1.39243	
0.0012	1.05872	
0.0013	0.725672	
0.0014	0.392621	
0.0015	0.0598957	
0.0016	-0.273155	
0.0017	-0.605554	
0.0018	-0.938605	
0.0019	-1.27035	
0.002	-1.6034	
0.0021	-1.93678	
0.0022	-2.27016	
0.0023	-2.60256	
0.0024	-2.6019	
0.0025	-2.26625	
0.0026	-1.92994	
0.0027	-1.59493	
0.0028	-1.2609	
0.0029	-0.927525	
0.003	-0.592519	
0.0031	-0.258816	
0.0032	0.0758639	
0.0033	0.409892	
0.0034	0.744247	
0.0035	1.0786	
0.0036	1.41426	
0.0037	1.74861	
0.0038	2.08329	
0.0039	2.41928	
0.004	2.75591	
0.0041	2.47109	
0.0042	2.13674	
0.0043	1.80173	
0.0044	1.46705	
0.0045	1.13335	
0.0046	0.800299	
0.0047	0.465618	
0.0048	0.133545	
0.0049	-0.198528	
0.005	-0.531905	
0.0051	-0.864304	
0.0052	-1.1967	
0.0053	-1.52878	
0.0054	-1.86281	
0.0055	-2.19716	
0.0056	-2.52891	
0.0057	-2.67686	
0.0058	-2.33957	
0.0059	-2.00489	
0.006	-1.67021	
0.0061	-1.3352	
0.0062	-0.999219	
0.0063	-0.666494	
0.0064	-0.33214	
0.0065	0.00156291	
0.0066	0.335917	
0.0067	0.670924	
0.0068	1.00463	
0.0069	1.33931	
0.007	1.67464	
0.0071	2.01193	
0.0072	2.34628	
0.0073	2.68259	
0.0074	2.54442	
0.0075	2.20941	
0.0076	1.8744	
0.0077	1.54103	
0.0078	1.20537	
0.0079	0.872318	
0.008	0.538942	
0.0081	0.206868	
0.0082	-0.126509	
0.0083	-0.458582	
0.0084	-0.791633	
0.0085	-1.12371	
0.0086	-1.45676	
0.0087	-1.78916	
0.0088	-2.12221	
0.0089	-2.45591	
0.009	-2.75181	
0.0091	-2.41355	
0.0092	-2.07821	
0.0093	-1.74353	
0.0094	-1.40853	
0.0095	-1.07385	
0.0096	-0.740795	
0.0097	-0.406441	
0.0098	-0.0720863	
0.0099	0.261616	
0.01	0.595971	
0.0101	0.931303	
0.0102	1.26501	
0.0103	1.60034	
0.0104	1.936	
0.0105	2.27231	
0.0106	2.60731	
0.0107	2.61807	
0.0108	2.28208	
0.0109	1.94708	
0.011	1.61142	
0.0111	1.27804	
0.0112	0.94499	
0.0113	0.611939	
0.0114	0.279866	
0.0115	-0.0548146	
0.0116	-0.385584	
0.0117	-0.718635	
0.0118	-1.05136	
0.0119	-1.38506	
0.012	-1.71746	
0.0121	-2.05149	
0.0122	-2.38422	
0.0123	-2.71727	
0.0124	-2.48687	
0.0125	-2.15121	
0.0126	-1.81523	
0.0127	-1.4812	
0.0128	-1.14717	
0.0129	-0.812489	
0.013	-0.478461	
0.0131	-0.14378	
0.0132	0.190248	
0.0133	0.523951	
0.0134	0.858631	
0.0135	1.19364	
0.0136	1.52864	
0.0137	1.8643	
0.0138	2.20061	
0.0139	2.53594	
0.014	2.69172	
0.0141	2.35541	
0.0142	2.01942	
0.0143	1.68539	
0.0144	1.35104	
0.0145	1.01799	
0.0146	0.684285	
0.0147	0.351234	
0.0148	0.0188346	
0.0149	-0.314542	
0.015	-0.647267	
0.0151	-0.979666	
0.0152	-1.31239	
0.0153	-1.64544	
0.0154	-1.97817	
0.0155	-2.31122	
0.0156	-2.64394	
0.0157	-2.55987	
0.0158	-2.22453	
0.0159	-1.8879	
0.016	-1.55387	
0.0161	-1.22017	
0.0162	-0.885487	
0.0163	-0.551784	
0.0164	-0.218733	
0.0165	0.116273	
0.0166	0.450628	
0.0167	0.78596	
0.0168	1.11934	
0.0169	1.45499	
0.017	1.78968	
0.0171	2.12729	
0.0172	2.46229	
0.0173	2.76504	
0.0174	2.42873	
0.0175	2.0934	
0.0176	1.75806	
0.0177	1.42436	
0.0178	1.08968	
0.0179	0.757282	
0.018	0.423905	
0.0181	0.0908545	
0.0182	-0.241871	
0.0183	-0.574596	
0.0184	-0.906669	
0.0185	-1.23842	
0.0186	-1.57179	
0.0187	-1.90647	
0.0188	-2.23952	
0.0189	-2.5729	
0.019	-2.63384	
0.0191	-2.29688	
0.0192	-1.96187	
0.0193	-1.62687	
0.0194	-1.29219	
0.0195	-0.958158	
0.0196	-0.625107	
0.0197	-0.289775	
0.0198	0.0445793	
0.0199	0.377956	
0.02	0.712636	
0.0201	1.04732	
0.0202	1.38265	
0.0203	1.71831	
0.0204	2.05364	
0.0205	2.38865	
0.0206	2.72463	
0.0207	2.5014	
0.0208	2.16542	
0.0209	1.83139	
0.021	1.49606	
0.0211	1.16203	
0.0212	0.829954	
0.0213	0.496903	
0.0214	0.164178	
0.0215	-0.169199	
0.0216	-0.501924	
0.0217	-0.83302	
0.0218	-1.16607	
0.0219	-1.49977	
0.022	-1.8325	
0.0221	-2.16457	
0.0222	-2.49827	
0.0223	-2.70684	
0.0224	-2.37053	
0.0225	-2.03683	
0.0226	-1.70084	
0.0227	-1.36681	
0.0228	-1.03148	
0.0229	-0.697127	
0.023	-0.364076	
0.0231	-0.0293958	
0.0232	0.304307	
0.0233	0.638987	
0.0234	0.973016	
0.0235	1.30867	
0.0236	1.64401	
0.0237	1.97934	
0.0238	2.31369	
0.0239	2.65065	
0.024	2.57603	
0.0241	2.24037	
0.0242	1.90504	
0.0243	1.57133	
0.0244	1.23763	
0.0245	0.903929	
0.0246	0.570878	
0.0247	0.237501	
0.0248	-0.0955498	
0.0249	-0.427623	
0.025	-0.760348	
0.0251	-1.0934	
0.0252	-1.42612	
0.0253	-1.75852	
0.0254	-2.09255	
0.0255	-2.42495	
0.0256	-2.75865	
0.0257	-2.44516	
0.0258	-2.11015	
0.0259	-1.77514	
0.026	-1.43981	
0.0261	-1.10448	
0.0262	-0.771428	
0.0263	-0.4374	
0.0264	-0.103045	
0.0265	0.231309	
0.0266	0.56599	
0.0267	0.899041	
0.0268	1.23535	
0.0269	1.57036	
0.027	1.90536	
0.0271	2.24102	
0.0272	2.577	
0.0273	2.64968	
0.0274	2.31402	
0.0275	1.97869	
0.0276	1.64531	
0.0277	1.3103	
0.0278	0.976601	
0.0279	0.643875	
0.028	0.310173	
0.0281	-0.0219006	
0.0282	-0.355277	
0.0283	-0.686699	
0.0284	-1.02138	
0.0285	-1.35215	
0.0286	-1.68585	
0.0287	-2.01955	
0.0288	-2.35228	
0.0289	-2.68468	
0.029	-2.51848	
0.0291	-2.18282	
0.0292	-1.84781	
0.0293	-1.51444	
0.0294	-1.17748	
0.0295	-0.844426	
0.0296	-0.510723	
0.0297	-0.176368	
0.0298	0.158638	
0.0299	0.492992	
0.03	0.826369	
0.0301	1.16105	
0.0302	1.49606	
0.0303	1.83237	
0.0304	2.16802	
0.0305	2.50303	
0.0306	2.72496	
0.0307	2.38734	
0.0308	2.05299	
0.0309	1.71863	
0.031	1.3846	
0.0311	1.05058	
0.0312	0.716547	
0.0313	0.383496	
0.0314	0.050771	
0.0315	-0.281628	
0.0316	-0.614679	
0.0317	-0.94773	
0.0318	-1.28078	
0.0319	-1.61285	
0.032	-1.94688	
0.0321	-2.27928	
0.0322	-2.61396	
0.0323	-2.59115	
0.0324	-2.25582	
0.0325	-1.91951	
0.0326	-1.58581	
0.0327	-1.25243	
0.0328	-0.916445	
0.0329	-0.582417	
0.033	-0.248062	
0.0331	0.0853145	
0.0332	0.419669	
0.0333	0.754349	
0.0334	1.08838	
0.0335	1.42436	
0.0336	1.75969	
0.0337	2.0947	
0.0338	2.43134	
0.0339	2.76699	
0.034	2.45904	
0.0341	2.1224	
0.0342	1.78805	
0.0343	1.45467	
0.0344	1.12064	
0.0345	0.787263	
0.0346	0.453887	
0.0347	0.121487	
0.0348	-0.21189	
0.0349	-0.544289	
0.035	-0.876688	
0.0351	-1.20941	
0.0352	-1.54246	
0.0353	-1.87617	
0.0354	-2.20857	
0.0355	-2.54259	
0.0356	-2.6635	
0.0357	-2.32719	
0.0358	-1.99218	
0.0359	-1.65652	
0.036	-1.32217	
0.0361	-0.987488	
0.0362	-0.653785	
0.0363	-0.319756	
0.0364	0.0149241	
0.0365	0.348627	
0.0366	0.683959	
0.0367	1.01799	
0.0368	1.35136	
0.0369	1.68767	
0.037	2.02268	
0.0371	2.35932	
0.0372	2.69465	
0.0373	2.53203	
0.0374	2.1954	
0.0375	1.86039	
0.0376	1.52604	
0.0377	1.19233	
0.0378	0.858306	
0.0379	0.524603	
0.038	0.192855	
0.0381	-0.139544	
0.0382	-0.472921	
0.0383	-0.80532	
0.0384	-1.1387	
0.0385	-1.47142	
0.0386	-1.80317	
0.0387	-2.1372	
0.0388	-2.47057	
0.0389	-2.73682	
0.039	-2.40018	
0.0391	-2.06387	
0.0392	-1.72887	
0.0393	-1.39419	
0.0394	-1.06016	
0.0395	-0.726456	
0.0396	-0.39145	
0.0397	-0.0577475	
0.0398	0.275955	
0.0399	0.611613	
0.04	0.945968	
0.0401	1.28065	
0.0402	1.61598	
0.0403	1.95033	
0.0404	2.28664	
0.0405	2.62198	
0.0406	2.60373	
0.0407	2.26937	
0.0408	1.93339	
0.0409	1.59871	
0.041	1.26435	
0.0411	0.931629	
0.0412	0.598252	
0.0413	0.265853	
0.0414	-0.0671981	
0.0415	-0.400901	
0.0416	-0.732974	
0.0417	-1.06505	
0.0418	-1.39908	
0.0419	-1.73213	
0.042	-2.06453	
0.0421	-2.3979	
0.0422	-2.73095	
0.0423	-2.47253	
0.0424	-2.13687	
0.0425	-1.80284	
0.0426	-1.46719	
0.0427	-1.13283	
0.0428	-0.798476	
0.0429	-0.464448	
0.043	-0.130745	
0.0431	0.204261	
0.0432	0.53829	
0.0433	0.872318	
0.0434	1.20798	
0.0435	1.54201	
0.0436	1.87799	
0.0437	2.21365	
0.0438	2.54898	
0.0439	2.6777	
0.044	2.34074	
0.0441	2.00541	
0.0442	1.67236	
0.0443	1.33768	
0.0444	1.0043	
0.0445	0.670272	
0.0446	0.337221	
0.0447	0.00449584	
0.0448	-0.327903	
0.0449	-0.659977	
0.045	-0.994005	
0.0451	-1.32575	
0.0452	-1.65913	
0.0453	-1.99348	
0.0454	-2.32621	
0.0455	-2.65991	
0.0456	-2.54553	
0.0457	-2.20889	
0.0458	-1.87389	
0.0459	-1.5379	
0.046	-1.20485	
0.0461	-0.869844	
0.0462	-0.535816	
0.0463	-0.201461	
0.0464	0.133871	
0.0465	0.467248	
0.0466	0.801276	
0.0467	1.13563	
0.0468	1.47064	
0.0469	1.80564	
0.047	2.1426	
0.0471	2.47794	
0.0472	2.74842	
0.0473	2.41211	
0.0474	2.07775	
0.0475	1.7434	
0.0476	1.40839	
0.0477	1.07469	
0.0478	0.740988	
0.0479	0.408589	
0.048	0.0765157	
0.0481	-0.257513	
0.0482	-0.589912	
0.0483	-0.922311	
0.0484	-1.25504	
0.0485	-1.58841	
0.0486	-1.92146	
0.0487	-2.25517	
0.0488	-2.58757	
0.0489	-2.61787	
0.049	-2.28254	
0.0491	-1.94591	
0.0492	-1.61188	
0.0493	-1.2772	
0.0494	-0.94219	
0.0495	-0.608487	
0.0496	-0.273807	
0.0497	0.0589181	
0.0498	0.393598	
0.0499	0.728605	
0.05	1.06361	
0.0501	1.39764	
0.0502	1.73297	
0.0503	2.06928	
0.0504	2.40461	
0.0505	2.74027	
0.0506	2.48641	
0.0507	2.15108	
0.0508	1.81575	
0.0509	1.48172	
0.051	1.14867	
0.0511	0.813986	
0.0512	0.481261	
0.0513	0.148535	
0.0514	-0.184841	
0.0515	-0.517566	
0.0516	-0.84964	
0.0517	-1.18106	
0.0518	-1.51509	
0.0519	-1.84912	
0.052	-2.18184	
0.0521	-2.51555	
0.0522	-2.69152	
0.0523	-2.35456	
0.0524	-2.01955	
0.0525	-1.68487	
0.0526	-1.34922	
0.0527	-1.01486	
0.0528	-0.682137	
0.0529	-0.346804	
0.053	-0.0131018	
0.0531	0.321579	
0.0532	0.656259	
0.0533	0.990613	
0.0534	1.32562	
0.0535	1.66063	
0.0536	1.99694	
0.0537	2.33194	
0.0538	2.66825	
0.0539	2.55908	
0.054	2.2231	
0.0541	1.88809	
0.0542	1.55406	
0.0543	1.22036	
0.0544	0.886983	
0.0545	0.55328	
0.0546	0.220229	
0.0547	-0.111192	
0.0548	-0.444895	
0.0549	-0.776968	
0.055	-1.11034	
0.0551	-1.44372	
0.0552	-1.77645	
0.0553	-2.10982	
0.0554	-2.44222	
0.0555	-2.76582	
0.0556	-2.42788	
0.0557	-2.09223	
0.0558	-1.75755	
0.0559	-1.42254	
0.056	-1.08884	
0.0561	-0.754156	
0.0562	-0.419476	
0.0563	-0.0857733	
0.0564	0.248907	
0.0565	0.582936	
0.0566	0.918919	
0.0567	1.25099	
0.0568	1.58698	
0.0569	1.92263	
0.057	2.25862	
0.0571	2.5946	
0.0572	2.63371	
0.0573	2.29772	
0.0574	1.96239	
0.0575	1.62771	
0.0576	1.29303	
0.0577	0.959655	
0.0578	0.627581	
0.0579	0.293879	
0.058	-0.0381946	
0.0581	-0.371571	
0.0582	-0.703971	
0.0583	-1.03702	
0.0584	-1.36975	
0.0585	-1.7028	
0.0586	-2.03552	
0.0587	-2.36825	
0.0588	-2.70195	
0.0589	-2.50088	
0.059	-2.16522	
0.0591	-1.83022	
0.0592	-1.49586	
0.0593	-1.16118	
0.0594	-0.826828	
0.0595	-0.493125	
0.0596	-0.159423	
0.0597	0.175584	
0.0598	0.509286	
0.0599	0.843967	
0.06	1.17897	
0.0601	1.51398	
0.0602	1.84931	
0.0603	2.1853	
0.0604	2.5203	
0.0605	2.70736	
0.0606	2.36974	
0.0607	2.03539	
0.0608	1.70136	
0.0609	1.36701	
0.061	1.03298	
0.0611	0.700253	
0.0612	0.366876	
0.0613	0.0344769	
0.0614	-0.298574	
0.0615	-0.630973	
0.0616	-0.963046	
0.0617	-1.2974	
0.0618	-1.62915	
0.0619	-1.96253	
0.062	-2.29525	
0.0621	-2.6283	
0.0622	-2.57518	
0.0623	-2.23855	
0.0624	-1.90387	
0.0625	-1.56919	
0.0626	-1.23516	
0.0627	-0.901455	
0.0628	-0.5671	
0.0629	-0.233072	
0.063	0.101609	
0.0631	0.435311	
0.0632	0.770317	
0.0633	1.105	
0.0634	1.4387	
0.0635	1.77501	
0.0636	2.11067	
0.0637	2.44633	
0.0638	2.78198	
0.0639	2.44405	
0.064	2.10936	
0.0641	1.77403	
0.0642	1.44	
0.0643	1.1063	
0.0644	0.77325	
0.0645	0.439548	
0.0646	0.1078	
0.0647	-0.225902	
0.0648	-0.558302	
0.0649	-0.891027	
0.065	-1.22408	
0.0651	-1.55745	
0.0652	-1.89018	
0.0653	-2.2229	
0.0654	-2.55661	
0.0655	-2.64916	
0.0656	-2.3135	
0.0657	-1.97621	
0.0658	-1.64251	
0.0659	-1.30848	
0.066	-0.973475	
0.0661	-0.638468	
0.0662	-0.305743	
0.0663	0.0305664	
0.0664	0.36264	
0.0665	0.69732	
0.0666	1.03363	
0.0667	1.36766	
0.0668	1.70266	
0.0669	2.03767	
0.067	2.37398	
0.0671	2.71029	
0.0672	2.51639	
0.0673	2.18073	
0.0674	1.84605	
0.0675	1.5117	
0.0676	1.17767	
0.0677	0.844618	
0.0678	0.511568	
0.0679	0.178842	
0.068	-0.154208	
0.0681	-0.486934	
0.0682	-0.819659	
0.0683	-1.15206	
0.0684	-1.48511	
0.0685	-1.81979	
0.0686	-2.15284	
0.0687	-2.48524	
0.0688	-2.72183	
0.0689	-2.38454	
0.069	-2.05051	
0.0691	-1.7142	
0.0692	-1.37985	
0.0693	-1.04484	
0.0694	-0.710488	
0.0695	-0.37646	
0.0696	-0.0437346	
0.0697	0.291272	
0.0698	0.6253	
0.0699	0.960306	
0.07	1.29564	
0.0701	1.63064	
0.0702	1.96598	
0.0703	2.30066	
0.0704	2.63762	
0.0705	2.58939	
0.0706	2.2534	
0.0707	1.9184	
0.0708	1.58404	
0.0709	1.25002	
0.071	0.916638	
0.0711	0.58261	
0.0712	0.250211	
0.0713	-0.0821887	
0.0714	-0.41524	
0.0715	-0.747639	
0.0716	-1.08069	
0.0717	-1.41309	
0.0718	-1.74581	
0.0719	-2.07919	
0.072	-2.41289	
0.0721	-2.74627	
0.0722	-2.45721	
0.0723	-2.1209	
0.0724	-1.78557	
0.0725	-1.45122	
0.0726	-1.11654	
0.0727	-0.782834	
0.0728	-0.44848	
0.0729	-0.114777	
0.073	0.220229	
0.0731	0.553606	
0.0732	0.890242	
0.0733	1.22362	
0.0734	1.5583	
0.0735	1.89428	
0.0736	2.23059	
0.0737	2.5656	
0.0738	2.66076	
0.0739	2.32542	
0.074	1.99009	
0.0741	1.65476	
0.0742	1.32073	
0.0743	0.988006	
0.0744	0.653652	
0.0745	0.321253	
0.0746	-0.0111465	
0.0747	-0.343546	
0.0748	-0.676271	
0.0749	-1.00965	
0.075	-1.34107	
0.0751	-1.67477	
0.0752	-2.00815	
0.0753	-2.3412	
0.0754	-2.67523	
0.0755	-2.52923	
0.0756	-2.19325	
0.0757	-1.85792	
0.0758	-1.52519	
0.0759	-1.18986	
0.076	-0.85518	
0.0761	-0.521803	
0.0762	-0.1881	
0.0763	0.14658	
0.0764	0.480609	
0.0765	0.816267	
0.0766	1.15095	
0.0767	1.4853	
0.0768	1.81966	
0.0769	2.15564	
0.077	2.4913	
0.0771	2.73571	
0.0772	2.39842	
0.0773	2.06439	
0.0774	1.72906	
0.0775	1.39536	
0.0776	1.06133	
0.0777	0.728279	
0.0778	0.39425	
0.0779	0.0625028	
0.078	-0.269571	
0.0781	-0.603273	
0.0782	-0.934369	
0.0783	-1.2697	
0.0784	-1.6008	
0.0785	-1.9345	
0.0786	-2.26722	
0.0787	-2.60093	
0.0788	-2.60549	
0.0789	-2.26853	
0.079	-1.93352	
0.0791	-1.59884	
0.0792	-1.26449	
0.0793	-0.928829	
0.0794	-0.595778	
0.0795	-0.261749	
0.0796	0.072931	
0.0797	0.407285	
0.0798	0.740988	
0.0799	1.07567	
0.08	1.41035	
0.0801	1.74601	
0.0802	2.08199	
0.0803	2.417	
0.0804	2.75298	
0.0805	2.4724	
0.0806	2.13706	
0.0807	1.80206	
0.0808	1.46803	
0.0809	1.13368	
0.081	0.800624	
0.0811	0.467574	
0.0812	0.134848	
0.0813	-0.197877	
0.0814	-0.530602	
0.0815	-0.863327	
0.0816	-1.1954	
0.0817	-1.52845	
0.0818	-1.86183	
0.0819	-2.19488	
0.082	-2.5276	
0.0821	-2.67751	
0.0822	-2.3425	
0.0823	-2.00685	
0.0824	-1.67184	
0.0825	-1.33748	
0.0826	-1.00378	
0.0827	-0.66845	
0.0828	-0.334421	
0.0829	-0.000392381	
0.083	0.333962	
0.0831	0.668317	
0.0832	1.00235	
0.0833	1.33833	
0.0834	1.67301	
0.0835	2.00736	
0.0836	2.34367	
0.0837	2.67966	
0.0838	2.54768	
0.0839	2.21137	
0.084	1.87636	
0.0841	1.54298	
0.0842	1.20895	
0.0843	0.875577	
0.0844	0.5422	
0.0845	0.209475	
0.0846	-0.12325	
0.0847	-0.455975	
0.0848	-0.789026	
0.0849	-1.1211	
0.085	-1.45448	
0.0851	-1.78753	
0.0852	-2.12058	
0.0853	-2.4533	
0.0854	-2.75311	
0.0855	-2.41615	
0.0856	-2.08049	
0.0857	-1.74516	
0.0858	-1.41048	
0.0859	-1.07613	
0.086	-0.743076	
0.0861	-0.407418	
0.0862	-0.0740416	
0.0863	0.259987	
0.0864	0.594993	
0.0865	0.929674	
0.0866	1.26435	
0.0867	1.59936	
0.0868	1.93502	
0.0869	2.271	
0.087	2.60601	
0.0871	2.6197	
0.0872	2.28436	
0.0873	1.94968	
0.0874	1.61533	
0.0875	1.28065	
0.0876	0.947271	
0.0877	0.615198	
0.0878	0.281495	
0.0879	-0.0512299	
0.088	-0.383303	
0.0881	-0.716354	
0.0882	-1.04875	
0.0883	-1.3818	
0.0884	-1.71616	
0.0885	-2.04791	
0.0886	-2.38128	
0.0887	-2.71401	
0.0888	-2.48948	
0.0889	-2.15382	
0.089	-1.81849	
0.0891	-1.48348	
0.0892	-1.14847	
0.0893	-0.813793	
0.0894	-0.479764	
0.0895	-0.146713	
0.0896	0.187315	
0.0897	0.521996	
0.0898	0.857328	
0.0899	1.19038	
0.09	1.52636	
0.0901	1.86169	
0.0902	2.19768	
0.0903	2.53203	
0.0904	2.69334	
0.0905	2.35801	
0.0906	2.02235	
0.0907	1.688	
0.0908	1.35332	
0.0909	1.01864	
0.091	0.686566	
0.0911	0.354493	
0.0912	0.0211158	
0.0913	-0.310958	
0.0914	-0.644008	
0.0915	-0.977711	
0.0916	-1.31076	
0.0917	-1.64284	
0.0918	-1.97556	
0.0919	-2.30959	
0.092	-2.64231	
0.0921	-2.56117	
0.0922	-2.22649	
0.0923	-1.89018	
0.0924	-1.5555	
0.0925	-1.22049	
0.0926	-0.887442	
0.0927	-0.553739	
0.0928	-0.218407	
0.0929	0.114644	
0.093	0.450302	
0.0931	0.783353	
0.0932	1.11901	
0.0933	1.45434	
0.0934	1.78902	
0.0935	2.12501	
0.0936	2.46034	
0.0937	2.76797	
0.0938	2.42905	
0.0939	2.09372	
0.094	1.75872	
0.0941	1.42501	
0.0942	1.09098	
0.0943	0.758586	
0.0944	0.425535	
0.0945	0.0931356	
0.0946	-0.240893	
0.0947	-0.573292	
0.0948	-0.906343	
0.0949	-1.23842	
0.095	-1.57082	
0.0951	-1.90484	
0.0952	-2.23855	
0.0953	-2.57095	
0.0954	-2.63449	
0.0955	-2.29851	
0.0956	-1.96383	
0.0957	-1.62817	
0.0958	-1.29316	
0.0959	-0.959136	
0.096	-0.625433	
0.0961	-0.291405	
0.0962	0.0429499	
0.0963	0.375349	
0.0964	0.711659	
0.0965	1.04601	
0.0966	1.38102	
0.0967	1.7157	
0.0968	2.05103	
0.0969	2.38669	
0.097	2.72235	
0.0971	2.50303	
0.0972	2.16802	
0.0973	1.83139	
0.0974	1.49801	
0.0975	1.16496	
0.0976	0.830931	
0.0977	0.498858	
0.0978	0.165155	
0.0979	-0.167896	
0.098	-0.500295	
0.0981	-0.832694	
0.0982	-1.16574	
0.0983	-1.4988	
0.0984	-1.83217	
0.0985	-2.1649	
0.0986	-2.4986	
0.0987	-2.70847	
0.0988	-2.37118	
0.0989	-2.03585	
0.099	-1.70052	
0.0991	-1.36649	
0.0992	-1.03213	
0.0993	-0.698105	
0.0994	-0.364076	
0.0995	-0.0300476	
0.0996	0.304307	
0.0997	0.639313	
0.0998	0.97269	
0.0999	1.30802	
