Frequency [Hz] - Voltage_0 (Power Spectrum)	Peak Magnitude [V] - Voltage_0 (Power Spectrum)	
0	5.06253E-8	
10	1.84721E-11	
20	3.83714E-11	
30	1.11725E-10	
40	4.22389E-11	
50	1.24148E-10	
60	4.94775E-11	
70	8.34906E-11	
80	4.91677E-11	
90	1.33802E-10	
100	1.27374E-10	
110	2.62702E-10	
120	2.98039E-11	
130	1.76008E-10	
140	8.8636E-12	
150	1.03429E-10	
160	6.93283E-11	
170	5.063E-11	
180	2.1595E-11	
190	5.92711E-12	
200	8.64403E-11	
210	6.51415E-12	
220	1.63877E-10	
230	2.10967E-10	
240	4.82777E-11	
250	8.07472E-11	
260	3.58761E-11	
270	3.51086E-11	
280	9.4568E-12	
290	4.7116E-12	
300	1.39242E-10	
310	6.24537E-11	
320	5.96407E-12	
330	1.7288E-12	
340	3.10618E-11	
350	4.01478E-11	
360	1.43827E-10	
370	1.08523E-10	
380	2.09524E-11	
390	3.38038E-11	
400	5.34244E-12	
410	1.70773E-11	
420	3.31232E-11	
430	1.57226E-10	
440	2.2658E-10	
450	9.40819E-11	
460	1.23906E-10	
470	8.88916E-12	
480	1.18289E-10	
490	6.87412E-12	
500	3.47055E-11	
510	1.5097E-10	
520	3.00118E-11	
530	1.38792E-10	
540	9.77983E-11	
550	5.67921E-11	
560	1.8116E-10	
570	5.41506E-11	
580	3.89539E-11	
590	4.19088E-11	
600	1.06306E-10	
610	1.99099E-11	
620	6.97617E-11	
630	5.25893E-11	
640	4.99956E-11	
650	7.46845E-13	
660	8.79631E-11	
670	7.11796E-11	
680	6.53082E-12	
690	1.63403E-11	
700	1.03224E-10	
710	1.07092E-10	
720	2.97481E-10	
730	8.13919E-11	
740	8.34905E-12	
750	5.85715E-11	
760	8.87372E-13	
770	7.0089E-11	
780	9.76142E-11	
790	1.05583E-10	
800	6.20486E-11	
810	2.53572E-11	
820	4.92441E-11	
830	3.22495E-11	
840	3.18223E-12	
850	1.10583E-11	
860	2.90044E-11	
870	1.83128E-10	
880	6.75055E-11	
890	1.30246E-10	
900	4.61511E-11	
910	2.9431E-10	
920	1.3382E-10	
930	4.55231E-13	
940	1.0939E-10	
950	4.94259E-11	
960	6.76559E-11	
970	5.99478E-13	
980	1.24532E-11	
990	6.88925E-11	
1000	8.66349E-12	
1010	8.71196E-11	
1020	1.75871E-11	
1030	1.06791E-12	
1040	2.6102E-11	
1050	2.6411E-12	
1060	8.15737E-11	
1070	2.23427E-11	
1080	1.5731E-10	
1090	1.01023E-10	
1100	7.50761E-11	
1110	1.14408E-10	
1120	1.13105E-11	
1130	8.80232E-11	
1140	5.86499E-11	
1150	2.86969E-11	
1160	2.38437E-11	
1170	1.82239E-11	
1180	5.37425E-12	
1190	3.35061E-10	
1200	1.65656E-11	
1210	7.98336E-11	
1220	3.35314E-11	
1230	3.35253E-12	
1240	4.27632E-11	
1250	3.47249E-11	
1260	1.88301E-11	
1270	1.82476E-11	
1280	7.43088E-11	
1290	2.25576E-11	
1300	2.69865E-10	
1310	3.01742E-10	
1320	9.02533E-11	
1330	6.34722E-11	
1340	1.82808E-10	
1350	1.84979E-10	
1360	6.01675E-10	
1370	7.57024E-11	
1380	1.1199E-10	
1390	8.11751E-11	
1400	4.79472E-13	
1410	9.91689E-11	
1420	5.61643E-11	
1430	6.8434E-11	
1440	4.31797E-11	
1450	1.64816E-11	
1460	4.51464E-11	
1470	1.39667E-10	
1480	1.65916E-10	
1490	1.98899E-11	
1500	1.06028E-10	
1510	1.18598E-10	
1520	1.16893E-12	
1530	1.12601E-10	
1540	8.49107E-12	
1550	6.12106E-11	
1560	1.01658E-11	
1570	1.0066E-10	
1580	2.2931E-11	
1590	8.06596E-11	
1600	4.6324E-11	
1610	1.16041E-11	
1620	2.0266E-11	
1630	2.24429E-11	
1640	6.5796E-12	
1650	7.25885E-11	
1660	9.64098E-11	
1670	3.2104E-10	
1680	2.19982E-10	
1690	1.55977E-10	
1700	3.14364E-11	
1710	2.39346E-11	
1720	1.9893E-10	
1730	8.4677E-11	
1740	4.88444E-11	
1750	2.04137E-11	
1760	6.77204E-11	
1770	3.16457E-11	
1780	1.3632E-11	
1790	5.97609E-11	
1800	3.94343E-11	
1810	4.19797E-11	
1820	9.80439E-11	
1830	2.37401E-10	
1840	9.63978E-12	
1850	4.38739E-12	
1860	1.84366E-11	
1870	3.56294E-11	
1880	2.26084E-12	
1890	8.11697E-11	
1900	9.65815E-11	
1910	1.38367E-10	
1920	6.91727E-12	
1930	5.0286E-11	
1940	1.79075E-11	
1950	4.40593E-11	
1960	1.33669E-11	
1970	4.03115E-11	
1980	1.28641E-11	
1990	5.0841E-11	
2000	8.95617E-12	
2010	1.19786E-12	
2020	3.95508E-11	
2030	1.70211E-10	
2040	3.88577E-11	
2050	1.78906E-11	
2060	9.84145E-11	
2070	6.09868E-12	
2080	4.56912E-11	
2090	5.55023E-11	
2100	1.86065E-10	
2110	5.44795E-11	
2120	4.35829E-11	
2130	4.76854E-12	
2140	1.03211E-11	
2150	4.96007E-11	
2160	2.85351E-11	
2170	1.75946E-10	
2180	4.04045E-12	
2190	7.24451E-12	
2200	1.51375E-10	
2210	2.96464E-11	
2220	1.33907E-11	
2230	2.68941E-11	
2240	2.01663E-11	
2250	5.2987E-11	
2260	1.61517E-11	
2270	1.75127E-10	
2280	2.0339E-12	
2290	1.47957E-11	
2300	3.18905E-11	
2310	1.68734E-11	
2320	2.86181E-13	
2330	1.85964E-11	
2340	2.01858E-11	
2350	3.79672E-12	
2360	2.69278E-11	
2370	2.08796E-11	
2380	1.95382E-10	
2390	1.73968E-12	
2400	4.1794E-11	
2410	8.36424E-11	
2420	1.99633E-11	
2430	2.87894E-12	
2440	5.94392E-11	
2450	1.66899E-11	
2460	3.76084E-11	
2470	3.21507E-11	
2480	6.23087E-11	
2490	2.16983E-11	
2500	4.66176E-12	
2510	2.63856E-11	
2520	1.72793E-10	
2530	2.8213E-11	
2540	7.48636E-11	
2550	2.44956E-12	
2560	3.06677E-11	
2570	5.24286E-12	
2580	2.96027E-12	
2590	9.74092E-11	
2600	6.35234E-11	
2610	1.25182E-10	
2620	4.5738E-11	
2630	9.29783E-12	
2640	2.33043E-11	
2650	2.9659E-11	
2660	2.80599E-11	
2670	1.86946E-11	
2680	6.31716E-11	
2690	1.70799E-10	
2700	3.66638E-11	
2710	1.35361E-10	
2720	6.54541E-11	
2730	1.05736E-11	
2740	1.63688E-10	
2750	4.47617E-11	
2760	5.86724E-10	
2770	1.88236E-10	
2780	2.55738E-12	
2790	4.13371E-11	
2800	9.61207E-11	
2810	1.68797E-11	
2820	5.93314E-11	
2830	4.27461E-11	
2840	4.51551E-11	
2850	1.80987E-11	
2860	8.21072E-12	
2870	1.47086E-10	
2880	7.28163E-12	
2890	4.84122E-11	
2900	5.14607E-11	
2910	4.43877E-11	
2920	2.94935E-11	
2930	1.81862E-10	
2940	6.02529E-12	
2950	3.34881E-11	
2960	1.72572E-11	
2970	1.73208E-10	
2980	2.85874E-11	
2990	2.21246E-11	
3000	2.27568E-11	
3010	1.0436E-10	
3020	3.23276E-11	
3030	1.15146E-11	
3040	7.27283E-14	
3050	1.5782E-11	
3060	7.99493E-11	
3070	2.1246E-10	
3080	1.91043E-10	
3090	3.31988E-12	
3100	6.08081E-11	
3110	2.90397E-12	
3120	2.60369E-12	
3130	1.34476E-10	
3140	2.33682E-12	
3150	9.1083E-13	
3160	5.38033E-12	
3170	8.13186E-12	
3180	5.02426E-11	
3190	1.49091E-10	
3200	2.43944E-11	
3210	3.64187E-11	
3220	2.08563E-11	
3230	2.65909E-11	
3240	8.04361E-12	
3250	7.22961E-12	
3260	1.4498E-11	
3270	1.64579E-10	
3280	2.75988E-11	
3290	4.0811E-11	
3300	3.48527E-11	
3310	8.4849E-11	
3320	4.86343E-11	
3330	1.32978E-10	
3340	4.48309E-13	
3350	2.09874E-11	
3360	4.47333E-12	
3370	1.3487E-11	
3380	1.02569E-12	
3390	3.62166E-11	
3400	5.90278E-12	
3410	3.18122E-11	
3420	1.90319E-11	
3430	6.92214E-11	
3440	1.08265E-11	
3450	9.07521E-11	
3460	4.59774E-11	
3470	9.44687E-12	
3480	4.67367E-11	
3490	2.05444E-10	
3500	3.79742E-10	
3510	4.38504E-11	
3520	1.91767E-11	
3530	2.58318E-11	
3540	3.40031E-11	
3550	9.52615E-11	
3560	4.32272E-12	
3570	7.37782E-11	
3580	1.24254E-10	
3590	2.98143E-11	
3600	8.01991E-11	
3610	5.93451E-11	
3620	1.49755E-12	
3630	8.16493E-12	
3640	8.3352E-11	
3650	3.25466E-11	
3660	1.54263E-11	
3670	3.28244E-11	
3680	5.09138E-11	
3690	1.22069E-10	
3700	1.22968E-10	
3710	5.06582E-11	
3720	1.2784E-11	
3730	3.08226E-11	
3740	1.43796E-11	
3750	7.19366E-12	
3760	8.41451E-11	
3770	4.37835E-11	
3780	2.11274E-11	
3790	6.16247E-11	
3800	6.32936E-11	
3810	7.67635E-13	
3820	1.76136E-11	
3830	5.59272E-11	
3840	9.27944E-11	
3850	7.48374E-11	
3860	2.32961E-12	
3870	1.1939E-12	
3880	3.26216E-11	
3890	4.09409E-11	
3900	2.1244E-10	
3910	6.71639E-11	
3920	4.96291E-12	
3930	5.98866E-11	
3940	1.81711E-11	
3950	1.58498E-11	
3960	9.68628E-12	
3970	5.86183E-11	
3980	9.67768E-11	
3990	1.87342E-11	
4000	6.53709E-11	
4010	4.36088E-11	
4020	1.94617E-11	
4030	8.33541E-11	
4040	2.54124E-11	
4050	1.7084E-11	
4060	8.83139E-11	
4070	6.708E-11	
4080	1.72383E-10	
4090	3.81762E-11	
4100	5.78004E-11	
4110	1.85257E-11	
4120	1.85916E-11	
4130	3.2961E-11	
4140	2.66741E-12	
4150	3.42208E-12	
4160	2.66886E-11	
4170	4.08104E-11	
4180	7.58463E-11	
4190	1.79805E-11	
4200	3.31463E-12	
4210	2.11678E-11	
4220	1.02962E-11	
4230	7.01098E-11	
4240	6.43687E-11	
4250	7.98467E-11	
4260	9.89001E-11	
4270	1.07242E-10	
4280	4.6498E-12	
4290	3.66843E-12	
4300	8.98898E-11	
4310	1.31313E-10	
4320	1.83303E-10	
4330	7.72573E-12	
4340	1.48294E-10	
4350	1.01211E-10	
4360	7.19299E-11	
4370	3.55477E-11	
4380	3.43332E-11	
4390	1.91554E-11	
4400	1.35368E-10	
4410	4.91064E-11	
4420	9.37621E-11	
4430	3.3751E-11	
4440	3.97256E-11	
4450	3.83516E-12	
4460	4.147E-12	
4470	3.58954E-11	
4480	1.36683E-10	
4490	4.8936E-11	
4500	7.65091E-11	
4510	1.06192E-12	
4520	2.71136E-11	
4530	2.70683E-11	
4540	1.53998E-11	
4550	1.43653E-12	
4560	1.85336E-11	
4570	1.29335E-11	
4580	7.64561E-11	
4590	1.35802E-11	
4600	1.8297E-10	
4610	3.43697E-11	
4620	2.72774E-11	
4630	1.69056E-12	
4640	1.66898E-10	
4650	1.0572E-10	
4660	2.28456E-12	
4670	1.12496E-10	
4680	1.22212E-11	
4690	1.79432E-11	
4700	8.9916E-12	
4710	4.6394E-11	
4720	3.52457E-11	
4730	5.70965E-11	
4740	3.26708E-11	
4750	7.16271E-12	
4760	3.41492E-11	
4770	4.84051E-12	
4780	1.28576E-10	
4790	4.64615E-11	
4800	7.06E-11	
4810	1.31209E-10	
4820	2.63526E-11	
4830	3.64947E-11	
4840	2.37507E-11	
4850	8.80958E-12	
4860	1.47828E-10	
4870	1.22465E-11	
4880	9.39948E-12	
4890	6.58338E-11	
4900	4.5747E-11	
4910	1.87207E-10	
4920	1.0563E-11	
4930	2.64259E-12	
4940	7.29564E-12	
4950	3.70379E-11	
4960	8.96038E-12	
4970	1.47384E-11	
4980	8.93839E-11	
4990	2.10534E-10	
