Frequency [Hz] - Voltage_0 (Power Spectrum)	Peak Magnitude [V] - Voltage_0 (Power Spectrum)	
0	6.60957E-8	
10	1.72368E-12	
20	3.20514E-12	
30	3.16999E-11	
40	5.52552E-11	
50	1.33424E-11	
60	1.87743E-11	
70	1.18255E-10	
80	1.12163E-10	
90	2.98313E-11	
100	1.21385E-10	
110	3.93914E-11	
120	1.03564E-10	
130	5.1777E-11	
140	6.18093E-11	
150	1.18034E-10	
160	2.31595E-11	
170	1.15425E-10	
180	6.5921E-11	
190	1.71812E-11	
200	8.59251E-11	
210	3.32768E-11	
220	9.67663E-11	
230	5.89349E-11	
240	5.21105E-11	
250	1.06871E-10	
260	1.32246E-11	
270	5.47071E-11	
280	3.35833E-11	
290	6.17113E-11	
300	1.2262E-10	
310	1.73628E-12	
320	3.75948E-11	
330	4.94086E-11	
340	5.04204E-12	
350	4.7872E-12	
360	5.67539E-11	
370	1.47147E-10	
380	1.43003E-10	
390	1.29214E-10	
400	2.42161E-11	
410	7.54354E-11	
420	1.48861E-10	
430	1.22087E-10	
440	2.03769E-11	
450	5.55662E-11	
460	7.09956E-11	
470	3.55957E-11	
480	1.65324E-11	
490	1.71499E-10	
500	6.31035E-11	
510	2.88707E-11	
520	3.44033E-12	
530	7.82436E-11	
540	1.4526E-10	
550	6.10544E-11	
560	9.50453E-13	
570	4.57203E-11	
580	8.62154E-11	
590	4.19058E-11	
600	2.81376E-10	
610	1.78073E-10	
620	1.76085E-11	
630	1.37228E-11	
640	8.02333E-11	
650	5.78014E-11	
660	2.98313E-11	
670	1.88761E-11	
680	1.0075E-11	
690	1.42258E-10	
700	9.34094E-11	
710	1.00779E-10	
720	3.49128E-11	
730	4.39106E-11	
740	2.92178E-11	
750	1.58872E-10	
760	9.3585E-11	
770	1.23466E-11	
780	1.2432E-12	
790	8.84696E-12	
800	2.07447E-10	
810	2.46575E-10	
820	7.48834E-11	
830	3.43394E-11	
840	1.15182E-10	
850	9.1887E-11	
860	2.00723E-11	
870	2.33072E-11	
880	7.42276E-11	
890	4.26102E-11	
900	1.61421E-10	
910	5.09733E-13	
920	3.87725E-12	
930	2.75559E-11	
940	2.94244E-11	
950	4.71364E-11	
960	5.1551E-11	
970	4.79031E-11	
980	1.28469E-11	
990	2.7328E-11	
1000	1.00648E-10	
1010	2.11691E-10	
1020	9.40987E-12	
1030	4.20623E-11	
1040	1.02891E-10	
1050	3.61616E-11	
1060	3.903E-11	
1070	1.72581E-10	
1080	8.63261E-12	
1090	8.00868E-11	
1100	1.11241E-11	
1110	3.9683E-10	
1120	2.00621E-10	
1130	4.21154E-11	
1140	3.63104E-11	
1150	7.2413E-12	
1160	4.53348E-12	
1170	2.17156E-11	
1180	2.91885E-11	
1190	5.73023E-11	
1200	1.51283E-11	
1210	3.66967E-11	
1220	1.26222E-10	
1230	2.39031E-10	
1240	4.5419E-11	
1250	1.26273E-10	
1260	1.24917E-10	
1270	1.53641E-10	
1280	2.391E-11	
1290	6.48988E-10	
1300	6.25923E-10	
1310	9.76031E-11	
1320	1.5134E-10	
1330	2.99327E-10	
1340	4.26104E-11	
1350	3.3433E-11	
1360	4.04316E-11	
1370	9.86252E-11	
1380	5.7759E-11	
1390	7.50598E-11	
1400	1.25914E-10	
1410	1.21033E-10	
1420	1.06991E-11	
1430	2.19287E-10	
1440	3.90882E-12	
1450	8.79402E-13	
1460	1.775E-11	
1470	5.08096E-11	
1480	3.12734E-11	
1490	1.11065E-10	
1500	1.70083E-11	
1510	3.31545E-10	
1520	6.64719E-11	
1530	1.20383E-10	
1540	8.61028E-11	
1550	8.15063E-11	
1560	5.41237E-11	
1570	1.53447E-10	
1580	3.59656E-12	
1590	5.86317E-11	
1600	2.80765E-11	
1610	1.17454E-10	
1620	3.76298E-12	
1630	7.51544E-12	
1640	8.82067E-11	
1650	7.05333E-11	
1660	3.01577E-11	
1670	4.40468E-11	
1680	3.11963E-11	
1690	1.06878E-10	
1700	1.18278E-10	
1710	2.07569E-10	
1720	7.34562E-12	
1730	1.11529E-10	
1740	6.82772E-11	
1750	5.64086E-11	
1760	7.64727E-13	
1770	1.29875E-10	
1780	2.43584E-11	
1790	4.75108E-11	
1800	2.71941E-11	
1810	1.59194E-11	
1820	9.696E-11	
1830	1.36269E-11	
1840	1.06294E-10	
1850	1.70611E-10	
1860	9.46723E-12	
1870	3.52678E-12	
1880	1.40309E-12	
1890	3.34861E-11	
1900	6.88609E-12	
1910	2.59969E-11	
1920	9.78064E-11	
1930	3.41471E-12	
1940	8.76242E-11	
1950	1.56474E-11	
1960	5.76305E-11	
1970	1.19412E-10	
1980	4.89529E-11	
1990	8.96945E-11	
2000	9.81305E-11	
2010	8.35555E-11	
2020	6.80249E-11	
2030	6.71358E-12	
2040	7.55956E-11	
2050	1.56995E-11	
2060	2.752E-11	
2070	1.02504E-13	
2080	2.2175E-10	
2090	4.28575E-11	
2100	1.86871E-10	
2110	8.38036E-11	
2120	1.84239E-11	
2130	1.30893E-10	
2140	2.37654E-11	
2150	8.90602E-11	
2160	4.28326E-11	
2170	4.97335E-11	
2180	2.33428E-11	
2190	1.17212E-10	
2200	3.78142E-12	
2210	4.29461E-10	
2220	7.39694E-11	
2230	5.24501E-12	
2240	1.75176E-11	
2250	2.46078E-12	
2260	2.64216E-11	
2270	2.20624E-10	
2280	2.10357E-12	
2290	3.87065E-12	
2300	3.63523E-11	
2310	2.27609E-11	
2320	6.84391E-11	
2330	4.31497E-11	
2340	1.19683E-10	
2350	5.91498E-11	
2360	6.62194E-11	
2370	8.03454E-11	
2380	3.23394E-14	
2390	2.11231E-10	
2400	9.25877E-11	
2410	1.11165E-10	
2420	1.32087E-10	
2430	2.14692E-11	
2440	1.34436E-11	
2450	4.77574E-11	
2460	7.93861E-11	
2470	5.39513E-12	
2480	9.10511E-13	
2490	1.13764E-13	
2500	4.21423E-12	
2510	1.04818E-11	
2520	2.37919E-11	
2530	5.44109E-11	
2540	4.24778E-11	
2550	9.90988E-11	
2560	3.09434E-11	
2570	1.66375E-10	
2580	1.28268E-11	
2590	1.28814E-10	
2600	8.92352E-11	
2610	3.8193E-12	
2620	2.63437E-11	
2630	5.5758E-12	
2640	2.10382E-11	
2650	4.53176E-11	
2660	2.14636E-10	
2670	1.94939E-11	
2680	8.62653E-11	
2690	2.94027E-11	
2700	2.85975E-11	
2710	1.66773E-10	
2720	6.08394E-11	
2730	1.57676E-11	
2740	2.64717E-11	
2750	2.94745E-11	
2760	6.94787E-10	
2770	4.32706E-11	
2780	2.13454E-11	
2790	6.23107E-11	
2800	1.19114E-11	
2810	1.58619E-10	
2820	2.03681E-10	
2830	9.29589E-11	
2840	4.42766E-11	
2850	6.57827E-11	
2860	5.10373E-11	
2870	1.42533E-10	
2880	4.42667E-11	
2890	8.00159E-11	
2900	2.8611E-11	
2910	4.53292E-11	
2920	2.66647E-12	
2930	7.094E-11	
2940	4.30596E-12	
2950	1.55289E-11	
2960	1.04347E-11	
2970	3.99E-11	
2980	3.55739E-11	
2990	2.90899E-10	
3000	1.38164E-11	
3010	8.42941E-11	
3020	1.83864E-10	
3030	8.20299E-12	
3040	2.7896E-11	
3050	9.782E-11	
3060	7.30451E-11	
3070	1.95239E-12	
3080	8.98089E-12	
3090	2.42309E-10	
3100	6.22609E-11	
3110	2.03807E-10	
3120	1.6077E-11	
3130	5.86946E-11	
3140	6.90246E-12	
3150	3.37986E-11	
3160	7.31696E-11	
3170	4.77548E-11	
3180	6.29461E-11	
3190	1.00007E-10	
3200	9.94826E-11	
3210	1.49833E-12	
3220	8.63518E-12	
3230	5.28062E-12	
3240	2.92388E-11	
3250	1.13808E-10	
3260	4.42512E-11	
3270	6.45976E-11	
3280	1.08622E-10	
3290	5.74363E-11	
3300	1.61941E-11	
3310	1.35974E-10	
3320	4.00746E-11	
3330	1.15897E-10	
3340	1.13337E-10	
3350	7.06363E-11	
3360	2.20894E-10	
3370	9.19195E-12	
3380	6.104E-11	
3390	5.50937E-12	
3400	5.72022E-11	
3410	5.523E-11	
3420	3.52483E-11	
3430	1.33935E-10	
3440	9.98867E-12	
3450	3.19347E-11	
3460	4.43614E-11	
3470	1.72251E-10	
3480	3.09375E-11	
3490	6.76287E-11	
3500	8.16898E-11	
3510	1.84047E-11	
3520	4.14211E-11	
3530	6.90267E-11	
3540	5.26723E-11	
3550	9.08939E-11	
3560	6.33203E-11	
3570	3.35138E-12	
3580	4.87913E-11	
3590	3.11591E-11	
3600	2.16731E-10	
3610	5.20935E-12	
3620	5.99393E-13	
3630	1.46759E-11	
3640	6.97764E-11	
3650	7.25681E-12	
3660	2.01383E-11	
3670	5.9488E-11	
3680	3.24281E-14	
3690	2.80537E-11	
3700	3.35827E-11	
3710	9.58624E-11	
3720	1.38442E-11	
3730	2.68754E-10	
3740	2.10249E-11	
3750	6.70967E-11	
3760	7.53256E-12	
3770	1.16953E-10	
3780	3.33094E-11	
3790	1.35376E-10	
3800	9.47668E-13	
3810	1.1601E-10	
3820	5.15023E-11	
3830	4.78564E-11	
3840	1.09791E-11	
3850	4.96558E-11	
3860	2.11992E-11	
3870	3.65225E-12	
3880	4.31344E-11	
3890	9.84784E-12	
3900	7.80503E-11	
3910	1.24607E-10	
3920	1.58686E-10	
3930	3.27924E-11	
3940	2.09133E-10	
3950	1.73406E-10	
3960	4.0852E-11	
3970	6.15193E-11	
3980	3.59324E-11	
3990	1.02838E-10	
4000	2.42336E-10	
4010	8.02941E-11	
4020	2.13053E-11	
4030	2.73067E-11	
4040	6.25213E-12	
4050	5.04086E-11	
4060	1.7472E-11	
4070	3.7473E-12	
4080	1.59175E-11	
4090	7.94911E-11	
4100	9.32794E-12	
4110	3.99331E-11	
4120	6.93612E-12	
4130	3.86188E-10	
4140	1.30271E-10	
4150	1.71468E-11	
4160	3.96361E-11	
4170	5.6203E-12	
4180	1.56154E-12	
4190	1.76462E-11	
4200	2.61448E-11	
4210	2.4282E-10	
4220	5.22333E-11	
4230	1.23665E-10	
4240	9.42962E-12	
4250	6.73519E-11	
4260	1.05723E-12	
4270	1.34626E-11	
4280	6.35383E-11	
4290	1.33084E-10	
4300	3.40162E-12	
4310	2.24315E-11	
4320	9.3439E-11	
4330	1.79837E-10	
4340	1.17647E-10	
4350	7.40236E-11	
4360	6.32272E-11	
4370	4.98978E-11	
4380	4.26221E-11	
4390	8.91542E-11	
4400	9.44871E-11	
4410	5.69081E-11	
4420	1.16744E-10	
4430	1.62471E-10	
4440	1.08593E-10	
4450	5.23384E-11	
4460	5.34899E-11	
4470	1.30685E-11	
4480	5.1852E-11	
4490	1.27157E-10	
4500	4.69783E-12	
4510	4.05937E-11	
4520	5.56186E-11	
4530	1.29699E-11	
4540	7.21429E-11	
4550	1.91256E-11	
4560	2.98852E-11	
4570	3.36925E-11	
4580	1.32114E-12	
4590	8.82013E-11	
4600	1.21252E-11	
4610	1.60478E-10	
4620	1.68189E-11	
4630	6.77406E-12	
4640	4.21959E-11	
4650	2.26821E-11	
4660	5.13391E-12	
4670	1.88937E-11	
4680	4.74166E-11	
4690	5.48238E-11	
4700	5.1566E-11	
4710	7.64068E-12	
4720	6.6544E-11	
4730	2.48877E-10	
4740	3.26676E-11	
4750	1.8383E-11	
4760	2.22544E-10	
4770	8.92093E-11	
4780	6.78384E-11	
4790	2.16554E-11	
4800	3.52969E-11	
4810	1.03834E-10	
4820	2.53886E-10	
4830	6.34666E-12	
4840	2.00418E-11	
4850	1.55768E-11	
4860	7.4145E-11	
4870	6.39791E-12	
4880	1.10254E-10	
4890	8.12015E-11	
4900	3.28516E-11	
4910	1.25303E-10	
4920	1.9635E-11	
4930	8.09159E-11	
4940	1.78957E-10	
4950	1.88339E-10	
4960	1.52482E-11	
4970	7.66907E-11	
4980	1.34526E-10	
4990	3.04957E-12	
